0.83445	-0.24255
0.99919	-0.194355
0.973876	-0.100498
0.943324	-0.0499149
1.06161	-0.435654
0.856025	-0.25089
1.03919	-0.230397
0.712033	-0.276465
0.788569	-0.230222
1.05118	-0.297399
1.01274	-0.183911
0.995592	-0.307632
1.07998	-0.454814
1.04287	-0.392208
0.856588	-0.374793
1.84138	-1.69556
2.24603	-2.5018
1.75778	-1.4007
2.62158	-2.89121
2.43777	-2.57695
2.06231	-2.13158
2.13285	-2.35969
1.97715	-2.22323
2.62392	-3.22804
2.45091	-2.83256
2.31883	-2.56508
2.444	-2.91955
2.49163	-3.10419
2.59719	-3.38334
2.7158	-3.45573
2.79477	-3.49722
2.75999	-3.55696
2.88295	-3.72293
2.51187	-3.16999
2.60895	-3.27783
2.54708	-3.22991
1.79788	-1.62681
2.09637	-1.83466
1.94339	-1.81623
1.77551	-1.77467
1.73301	-1.78595
2.06793	-2.29001
2.0437	-2.42439
1.5105	-1.67572
1.65725	-1.88247
1.44081	-1.51251
1.16401	-1.1435
0.649515	-0.636483
0.770314	-1.00537
1.11958	-1.5991
0.810614	-1.25907
0.413364	-0.858316
0.353569	-0.788042
0.334425	-0.832742
0.400519	-0.933933
0.446023	-0.997895
0.611182	-1.19445
1.04814	-1.57158
1.18167	-1.50105
0.893031	-1.07433
1.17197	-1.35272
1.56142	-1.92538
1.85189	-2.47486
2.03775	-2.80217
2.02438	-2.7019
2.1992	-2.94833
2.22448	-2.97202
1.85304	-2.05673
1.84564	-1.57863
2.01569	-1.75213
1.74873	-1.35465
1.53479	-1.13367
1.49531	-1.05407
1.16155	-0.794564
0.966079	-0.825721
0.490321	-0.470016
0.162052	-0.476671
-0.340873	-0.321009
-0.331543	-0.573883
-0.069954	-0.521461
0.129675	-0.757976
0.0971479	-0.576236
0.285042	-0.515788
0.456477	-0.445438
0.383487	-0.337592
0.604737	-0.564447
0.999617	-1.01661
1.3139	-1.42878
1.57044	-1.6803
2.03727	-2.05823
1.78486	-1.84755
1.85379	-1.67018
1.84702	-1.64918
1.40075	-1.01332
0.282491	-0.373434
0.304276	-0.385865
0.327261	-0.361184
0.316456	-0.26096
0.190927	-0.0294273
0.00403761	0.15826
0.157272	-0.195298
0.521126	-0.635875
0.704865	-0.419763
1.00508	-0.726738
0.784623	-0.653703
2.30548	-2.50233
2.57201	-2.71324
2.13946	-2.14751
0.542809	-0.779848
0.905991	-0.947045
1.65545	-1.41526
2.421	-2.59032
2.59421	-2.84575
2.04989	-1.86569
1.53752	-1.16637
0.976278	-1.02094
0.936821	-1.06912
0.718615	-0.47717
0.416749	-0.0399662
0.17095	0.0899501
0.146758	0.272072
0.258363	0.159602
0.640555	0.475961
0.862693	0.376865
0.896704	0.491475
0.826738	0.109029
0.9203	-0.0120773
0.642048	-0.322608
0.63258	-0.443643
0.837047	-0.400002
0.989363	-0.424915
0.944868	-0.124094
1.05727	-0.354889
0.82805	-0.301271
0.919576	-0.476286
0.688226	-0.351611
0.467828	-0.405142
0.965099	-0.605789
1.50683	-1.6834
1.64582	-1.90606
1.32869	-1.57276
1.07874	-0.787394
0.509046	-0.30213
0.697466	-0.522995
1.31235	-1.13976
1.1959	-0.999718
1.3607	-1.24959
1.4696	-1.37325
1.69356	-1.6329
1.68645	-1.66023
1.17103	-0.949835
1.16125	-0.789741
1.5682	-1.02178
1.62708	-0.841255
2.1016	-1.37234
2.20028	-1.37504
2.16967	-0.958916
2.19956	-1.25256
2.45891	-1.48263
2.42442	-1.2395
1.58907	-0.6669
1.6121	-1.03174
1.24861	-0.742656
1.37624	-0.93312
1.4923	-1.04751
1.63819	-1.29215
1.11761	-0.751293
0.790191	-0.53717
0.652917	-0.473397
0.931012	-0.785485
1.08113	-0.982055
1.39348	-1.46831
1.27877	-1.34764
1.23264	-1.42282
1.25279	-1.39048
1.49599	-1.37826
1.81074	-1.61457
1.9075	-1.66646
2.25327	-1.64611
1.48939	-0.8347
2.12614	-1.47499
3.34644	-3.0141
2.12973	-1.32894
1.71179	-1.17364
1.63651	-1.09218
2.525	-1.86249
2.02429	-1.2006
1.90475	-0.869265
1.83979	-1.30517
1.42801	-0.723941
1.46633	-0.873169
1.2238	-0.730751
1.22811	-0.729945
1.29961	-0.963712
1.1788	-0.54976
1.13778	-0.438452
1.00052	-0.24891
1.0381	-0.0973025
1.18754	-0.267964
0.959991	-0.292989
1.15957	-0.568395
0.959748	-0.187628
0.973164	-0.221235
0.985005	-0.261039
1.02881	-0.0723629
0.628648	-0.29217
0.605495	0.111345
0.788356	0.015159
1.14877	-0.306119
1.18046	-0.273921
1.05063	-0.530619
0.76648	-0.165989
0.911378	-0.519306
1.00638	-0.554893
1.01582	-0.203289
0.914069	-0.0877731
0.899401	-0.204698
1.04591	-0.495066
0.655115	-0.826789
1.6711	-1.51076
1.11339	-0.726618
0.890347	-0.395532
0.290683	0.323156
0.915685	-0.0363843
1.34258	-0.471662
1.40506	-0.891231
1.5178	-1.0381
1.5466	-1.22292
1.78333	-1.54712
1.48675	-1.18441
1.48897	-1.30153
1.56078	-1.51806
1.47023	-1.5958
1.24875	-1.45272
1.23261	-1.58355
1.34107	-1.88655
1.39791	-2.05962
1.39541	-2.19763
1.31607	-2.079
0.963979	-1.65072
0.589978	-1.23621
0.650416	-1.21652
0.650015	-1.0558
0.799071	-1.03257
0.928483	-0.921362
0.976206	-0.77861
1.00542	-0.706686
0.926188	-0.568125
0.868916	-0.509666
1.0042	-0.704971
0.956469	-0.830142
1.38839	-1.35384
2.54093	-2.56202
2.83716	-2.45018
1.66156	-1.17513
1.77866	-1.65215
2.08101	-1.69223
2.78984	-2.52989
1.62095	-1.0755
2.02077	-1.43828
2.41439	-2.21578
1.96996	-1.67358
1.70559	-1.35646
1.51822	-1.13095
1.3943	-1.02693
1.476	-1.15394
1.27448	-0.813862
1.21779	-0.699577
1.33645	-0.797983
1.37238	-0.768639
1.43706	-0.779172
1.72439	-1.15745
2.03585	-1.6989
1.77697	-1.37452
1.62691	-1.31879
1.63884	-1.4747
1.64724	-1.66969
2.11653	-2.41395
2.15914	-2.59547
2.10868	-2.51517
2.21374	-2.64094
2.3574	-2.8902
2.27853	-2.64087
2.17646	-2.55967
2.00596	-1.75764
1.40914	-0.863189
1.43715	-0.9968
1.73436	-1.50467
2.18194	-2.26392
2.15805	-2.50401
2.48646	-3.18521
2.44976	-3.04924
2.2271	-2.71076
1.92883	-2.14601
2.1849	-2.41873
2.01145	-2.06796
2.10922	-2.13612
1.16249	-1.06042
0.954378	-0.866415
1.03152	-0.61895
1.06664	-0.706154
1.09415	-0.571083
1.18398	-0.453406
0.635046	-0.377279
2.38513	-2.31909
1.85301	-1.43239
2.34314	-1.90345
3.6647	-4.22431
2.88689	-2.43805
1.69174	-1.13887
1.35177	-0.885929
1.49354	-1.14352
1.05025	-0.926031
1.1794	-0.680042
1.12583	-0.921356
1.32799	-0.888692
1.9348	-1.36943
0.983219	-0.489398
0.909918	-0.441925
0.934703	-0.477234
1.18349	-0.670862
1.27161	-0.793096
1.21856	-0.739167
0.859152	-0.719699
0.969309	-0.688786
1.01687	-0.472571
0.931878	-0.379723
0.91224	-0.419407
1.25971	-0.984761
2.04165	-1.63966
1.49383	-0.66509
2.06105	-1.77646
0.960547	-0.501062
0.740749	-0.688306
-0.219377	-0.18265
-0.052307	-0.238361
0.252004	-0.162463
0.54007	0.251627
1.04999	0.698421
0.884389	0.34307
1.01821	0.571265
0.989434	0.482102
0.708665	0.191222
0.279001	-0.346295
0.970055	-1.04823
0.597999	-0.973944
1.10984	-1.36315
1.06874	-0.860744
0.961186	-0.992607
0.6413	-0.604675
-0.33664	-0.0841604
-0.390903	0.0495514
0.143538	0.338601
0.334608	0.256485
0.570336	0.0977458
0.789854	-0.0242464
0.643605	-0.0157132
0.520362	-0.0391383
0.609215	-0.210538
0.903388	-0.766565
0.865756	-0.60175
0.904425	-0.774038
2.34158	-1.97937
3.10947	-2.82903
3.54193	-3.55555
3.52649	-4.23289
2.36835	-2.80982
2.40825	-2.88735
2.38511	-2.70602
1.80272	-1.7171
1.06032	-1.23046
0.438867	-0.945138
0.255932	-1.01167
0.418328	-1.17824
1.39362	-1.66466
2.03809	-2.22564
2.66595	-3.22409
2.15964	-2.40053
1.85283	-2.04953
1.88124	-2.01086
1.50613	-1.44244
1.16911	-0.900869
1.18985	-1.04959
1.07386	-0.74427
0.981699	-0.731862
1.29498	-0.656289
1.30581	-0.742152
1.21263	-0.204915
1.07923	-0.446819
1.8792	-1.71433
2.47308	-2.86789
2.26833	-2.1876
2.64613	-2.42036
2.6192	-2.15405
1.97521	-1.32268
1.25142	-1.10865
1.43093	-1.24549
0.687746	0.0174995
0.513331	-0.241133
0.93373	-0.581217
1.06621	-0.773722
1.17394	-0.887205
1.10896	-0.703211
1.02275	-0.435922
1.55771	-1.19058
0.894537	-0.368205
1.98214	-1.52339
2.61888	-2.28478
2.8806	-2.77932
2.31374	-1.94928
2.43373	-2.1918
2.09295	-1.66684
2.14895	-1.70091
2.23939	-1.85487
2.49091	-2.30456
2.64936	-2.57919
2.33504	-2.72431
2.39763	-2.97684
2.05777	-2.23473
2.1431	-2.10527
1.6927	-1.20819
2.15795	-1.77835
1.81593	-1.10439
1.46667	-1.12525
1.15663	-1.08776
1.14786	-0.83075
1.16327	-0.95194
0.933336	-0.535087
0.848357	-0.747094
0.939951	-0.69157
0.846833	-0.251934
1.04822	-0.17253
1.07039	-0.308429
0.894014	-0.155877
0.840404	0.0129498
1.02126	-0.280228
0.946505	-0.18599
0.983864	-0.189662
0.945218	-0.410416
0.969226	-0.37208
0.820859	-0.200623
0.426648	-0.296415
0.686249	-0.292905
1.0902	-1.12217
0.964728	-1.14934
0.930198	-1.03395
0.552918	-0.697532
0.0293874	-0.370314
-0.102543	-0.0368416
0.123261	-0.0635261
0.241135	0.0905577
0.355529	0.464527
0.523786	0.433408
0.798508	0.177049
0.700115	-0.0742406
0.596413	-0.117857
0.581856	-0.224172
0.489536	-0.10216
0.753411	0.130311
0.77411	-0.0353418
0.735301	-0.00993928
1.07096	-0.659704
2.29254	-1.84616
2.09775	-1.54733
2.25274	-1.73065
2.12449	-1.51521
2.01319	-1.32634
1.84517	-1.16314
0.0583673	-0.0996467
-0.215429	0.18787
0.209362	0.294491
0.369021	0.422136
0.205828	0.357227
0.443453	0.519808
0.2539	0.0261964
0.271945	-0.475995
0.874945	-0.736922
1.29856	-1.22126
0.918721	-0.729644
1.3505	-1.15945
2.07195	-2.27818
2.28357	-2.51829
2.51131	-2.65804
2.2656	-2.34392
1.80481	-1.59992
1.85625	-1.42019
1.88123	-1.44846
2.1673	-1.84013
2.47646	-2.05741
2.32492	-1.70631
1.97749	-1.19668
2.05144	-1.29207
1.77141	-0.887015
1.4559	-0.437479
1.53196	-0.751101
1.08761	-0.642506
0.853377	-0.393937
1.19455	-0.588361
1.08625	-0.191281
1.52848	-0.972879
2.53501	-2.5605
3.09633	-3.3394
2.77911	-2.95278
2.13829	-1.82254
1.80863	-1.34788
1.82197	-1.34427
2.16751	-1.65546
1.53627	-1.11326
1.35589	-1.01474
0.697273	-0.6254
0.842976	-0.159052
1.03886	0.00977308
1.05518	0.14233
1.14486	-0.00697435
1.2178	0.181296
1.06975	0.204024
0.964003	-0.59521
1.0842	-0.538137
1.19592	-1.65198
0.980276	-1.47895
1.13171	-1.53947
1.15356	-1.41189
1.1403	-1.37157
1.28357	-1.33968
1.50851	-1.32444
1.58474	-1.22767
1.50181	-0.787057
1.85196	-1.19992
1.63937	-1.15091
2.039	-1.40884
1.77722	-1.41435
1.39745	-0.943638
1.52553	-1.06672
1.78797	-1.6977
2.12796	-2.41252
2.08057	-2.35572
1.34893	-0.861985
0.910161	-1.09063
0.723404	-0.943223
0.763885	-0.986947
2.34356	-2.17503
2.16443	-1.95747
2.15838	-1.86158
2.10783	-2.01055
2.44594	-2.42529
2.32492	-2.41801
2.06554	-2.06811
1.80621	-1.8188
1.57366	-1.70484
1.09497	-1.33016
0.589815	-1.04485
0.340122	-0.976783
0.217992	-1.04985
0.377508	-1.25639
0.605356	-1.47497
0.839938	-1.60784
1.03174	-1.59857
0.814395	-1.28543
0.884161	-1.353
1.09576	-1.54175
1.13026	-1.36455
1.0085	-1.07165
1.29078	-1.55791
0.817939	-0.929079
0.157621	-0.342038
0.227417	-0.102486
0.42301	0.341839
0.673228	0.530274
0.561958	0.369645
0.659321	0.798572
0.749027	0.761736
0.696273	0.771249
0.712568	0.647755
0.407436	0.254691
0.303668	0.289284
0.321212	0.0258963
0.867784	-0.423845
1.9824	-1.76112
2.38316	-1.98688
2.41279	-2.12101
2.04661	-1.69702
2.02452	-1.63981
2.33912	-1.99721
2.53872	-2.14439
3.18507	-3.36751
3.09256	-3.17836
3.31043	-3.33414
3.67131	-3.57578
2.83103	-2.35771
2.57278	-2.00966
2.13929	-1.55934
1.81094	-1.17133
1.15858	-0.721469
0.678603	-0.259497
0.95221	-0.537301
0.963492	-0.656822
1.38757	-1.02725
1.15036	-0.749496
1.13114	-0.742279
1.07513	-0.597336
0.910269	-0.239264
1.07646	-0.491837
1.16031	-0.341737
1.06063	-0.332681
1.09131	-0.0557944
0.733913	-0.331595
1.13574	-0.47608
1.06723	-0.470787
1.08555	-0.0505849
1.19584	-0.381946
1.04486	-0.221757
0.869404	-0.100129
1.00927	-0.398495
1.37485	-0.869666
1.11673	-0.743924
1.2935	-0.857984
1.16588	-1.10187
1.14894	-1.10145
1.63745	-1.61539
1.31436	-1.04458
0.9055	-0.913334
0.95226	-1.15714
1.02651	-1.38936
0.7977	-1.39383
0.961467	-1.30167
0.755963	-1.02071
0.37322	-0.829094
0.03033	-0.51949
0.145836	-0.584445
0.217571	-0.362756
0.34773	-0.359455
0.411547	-0.0752004
0.494435	0.275565
0.630874	0.391866
0.438006	0.370191
0.591387	0.350872
0.5213	0.422392
0.759583	0.57737
0.512285	0.240518
0.528269	-0.531047
1.45362	-1.63624
2.00688	-2.17585
1.93274	-2.04322
2.44498	-2.95938
2.39021	-2.9343
2.12486	-2.49208
2.11823	-2.51851
1.98792	-2.35204
2.00144	-2.42384
2.37881	-2.81649
2.6574	-3.10991
2.62645	-2.88946
2.81759	-3.25014
2.69838	-3.1636
2.27656	-2.46512
2.52193	-2.81748
2.31193	-2.651
2.34717	-2.7962
2.24636	-2.68214
0.581776	-0.767215
-0.115882	-0.68873
0.124699	-0.65276
0.58246	-0.589093
0.26594	-0.638261
0.354199	-0.979818
0.563687	-0.690354
0.393643	-0.434547
0.110385	-0.608477
-0.0956221	-0.30729
-0.00930689	-0.0266651
1.08203	-0.935963
1.87404	-1.89286
2.05216	-1.96969
2.36661	-2.37379
2.45929	-2.33858
2.82549	-2.72176
3.0075	-2.77424
2.97321	-2.48069
1.93701	-1.15655
0.850912	-0.75089
0.64243	-0.0635067
0.875601	0.0925894
1.18645	0.402055
1.14613	0.179882
0.903316	0.100511
0.939242	0.249442
0.856957	-0.0378409
1.27029	-1.37222
0.817953	-0.991319
0.534923	-0.743941
0.475843	-0.700083
0.523984	-0.776514
0.576793	-1.10016
0.736765	-0.652471
1.03096	-0.897497
0.932161	-0.78157
0.840619	-0.526128
1.01006	-0.645554
1.07963	-0.563576
0.984871	-0.611139
1.75205	-1.32746
2.09595	-1.48421
2.52431	-2.02347
2.67491	-2.21121
2.37198	-1.88418
3.29224	-4.00894
3.05397	-3.90012
2.55043	-3.10247
2.62407	-3.14302
2.88186	-3.61337
2.60534	-3.22779
2.59022	-3.22897
2.49828	-3.02224
2.20664	-2.34767
2.25298	-2.47671
2.3476	-2.45412
1.64616	-1.44725
2.08926	-2.11428
1.60143	-1.34113
2.09118	-2.1078
2.29811	-2.32006
1.90252	-2.05996
1.86556	-2.16566
1.60198	-1.91363
1.20812	-1.21204
1.31278	-1.17871
1.32595	-1.11887
1.20697	-1.07673
1.27207	-0.949479
0.859009	-0.772812
1.12769	-0.878641
0.897561	-0.667278
1.52199	0.604302
1.43559	0.158909
0.494019	0.160501
0.0821621	-0.0110984
0.207352	-0.442804
0.259641	-0.743926
0.653672	-0.970199
1.07933	-1.29624
2.16441	-2.5467
1.87434	-2.17987
1.65997	-1.87588
1.17515	-1.15934
0.765098	-0.961336
1.05108	-1.06539
0.982271	-0.762441
1.02085	-0.696429
0.991622	-0.683609
0.9523	-0.671847
1.10427	-0.513617
1.09899	-0.697814
0.96203	-0.516497
1.0229	-0.291216
0.984431	-0.591083
0.838383	-0.426557
1.68642	-1.31752
1.75299	-1.08605
2.26212	-1.90542
2.50897	-2.37539
2.93484	-2.92882
2.57293	-2.02841
1.55776	-1.04147
0.459289	-0.100874
0.256159	-0.167719
0.42978	0.247488
0.510598	0.333326
0.444156	0.254438
0.450588	0.0800718
0.65195	-0.132813
0.686301	-0.106439
0.622799	-0.0185004
0.380427	0.224137
0.401582	0.525535
0.277748	0.194691
0.392848	0.133073
0.295508	0.0290947
0.224751	-0.225441
1.92357	-2.16097
1.92579	-2.00327
1.42353	-1.16203
1.56654	-1.63763
2.59643	-2.52161
3.25238	-3.6879
2.84427	-2.66184
2.30863	-1.9075
1.64323	-1.02626
1.60923	-0.758922
1.54441	-0.537146
2.10284	-1.55584
2.19536	-1.83256
2.16783	-1.82048
2.04749	-1.56129
2.38037	-2.00539
2.38683	-2.02729
2.13867	-1.64884
2.38094	-1.89312
2.59584	-2.17778
2.4297	-2.11656
2.70446	-2.26966
2.89262	-2.88214
2.71205	-2.45476
2.67589	-2.0617
2.72997	-2.22421
2.74769	-2.41234
2.63113	-2.47475
2.58477	-2.55453
2.1218	-1.84664
1.40989	-1.03479
1.11688	-0.500422
0.960754	-0.455245
0.789846	-0.293487
0.800944	-0.339665
1.05973	-0.753151
1.19287	-0.621896
0.707064	-0.0789115
0.758008	-0.0382704
0.829002	-0.115957
0.672139	0.41446
0.556928	0.47351
0.483888	0.515638
0.51313	0.448768
0.46703	0.700119
0.21848	0.601016
0.350059	0.534886
0.437802	0.710105
0.396573	0.714625
0.279156	0.548855
0.159943	0.124664
0.0269502	0.301228
0.17227	0.586221
0.307084	0.550248
0.247568	0.273559
0.59382	0.131107
0.884708	-0.0226871
0.890592	0.0661052
0.871703	-0.182209
1.05884	-0.417419
0.773085	-0.196243
0.740001	-0.101576
0.936921	-0.203075
1.06434	-0.324292
0.817831	0.00660342
0.926509	-0.20641
0.985931	-0.196128
0.541656	-0.298839
0.958582	-0.28361
0.847811	-0.110447
1.08134	-0.558129
1.15418	-0.472282
0.975099	-0.167819
0.846749	-0.243315
0.863659	-0.170151
1.04525	-0.361288
1.08662	-0.326795
1.05018	-0.458721
0.894426	-0.711281
1.03248	-0.653914
1.27622	-1.22135
1.32346	-1.18015
0.210429	-0.267777
0.474903	-0.312301
1.42766	-1.01212
1.41236	-1.00578
1.24375	-0.6687
0.939078	-0.238441
0.886969	-0.174021
0.572592	0.0178687
0.719603	-0.297911
0.664706	-0.483856
0.469121	-0.241657
0.250167	-0.117831
0.40221	-0.28586
0.300334	-0.0294
0.217474	0.204653
0.0728645	0.181108
0.127372	0.130789
0.291395	0.217323
0.29671	-0.0259493
0.825897	-0.458332
1.31545	-0.736481
1.74647	-1.15436
1.64322	-0.688335
1.76343	-0.757918
2.01267	-1.13592
2.50336	-1.99649
2.97196	-2.66113
2.44028	-1.78273
3.04585	-2.73975
2.44857	-1.86308
2.51898	-2.39011
2.16779	-2.30734
2.0177	-2.11003
2.0634	-2.0542
1.99983	-2.11954
1.67113	-1.42593
0.543813	-0.0891026
-0.454962	-0.0786875
-0.495729	-0.408865
-0.251809	-0.504167
-0.328806	-0.121907
-0.147077	0.45732
0.5261	-0.0914145
0.780071	-0.254556
0.687165	0.0377378
1.03141	-0.434371
1.12842	-0.460723
1.16745	-0.770116
1.5091	-1.23804
1.18851	-0.995446
0.620785	-0.422571
0.184299	-0.132699
0.0303641	0.0472782
0.194974	0.41914
0.101601	0.516039
0.288807	0.439977
0.901106	1.01588
0.445582	0.444051
0.488341	-0.173672
0.331541	-0.408344
0.502308	-0.21939
0.752819	-0.1942
0.794791	-0.459749
0.73831	-0.135627
0.577571	-0.0694471
0.968782	-0.971495
1.11254	-1.1424
2.1696	-2.48296
1.61051	-1.9434
1.24159	-1.51492
1.59557	-1.95256
1.91774	-2.1546
1.48034	-1.3672
1.10037	-0.92885
0.863774	-0.670362
0.704087	-0.651134
0.586289	-0.494981
0.651295	-0.606697
0.82091	-0.936821
0.390197	-0.502773
0.340534	-0.290468
0.0979314	-0.104764
0.0609971	-0.167569
-0.11343	-0.288156
0.442948	-0.648661
1.02757	-1.35398
0.810856	-1.12415
1.22127	-1.2354
1.34827	-1.19541
2.23101	-1.8145
2.12371	-1.60891
2.0981	-1.53918
2.46658	-1.84749
2.46578	-1.52479
2.93661	-2.31788
3.36924	-2.89263
2.60657	-1.90022
3.46733	-2.88427
2.67067	-1.63112
1.97793	-1.00034
1.99803	-1.3327
1.66316	-0.776169
1.5634	-0.718426
1.46707	-0.809044
1.55105	-0.957644
2.02077	-1.6779
2.29993	-1.69129
2.52597	-2.06718
2.67676	-2.29515
2.67134	-2.22321
3.12816	-3.0639
2.6764	-2.48755
2.40906	-2.45315
2.98221	-3.53478
2.35877	-2.45687
2.0996	-1.91936
2.13009	-1.58542
1.52896	-1.18531
1.28619	-0.854564
1.76239	-1.43158
2.07148	-2.13067
2.1538	-2.45694
2.3497	-2.57524
2.63671	-2.93555
2.63499	-2.74002
1.82501	-1.58978
2.48564	-2.44533
2.12065	-1.82077
2.44399	-1.73613
2.88666	-2.37069
2.83655	-2.74137
2.35506	-2.05925
1.91078	-1.34454
1.70137	-1.00152
1.75129	-1.18079
1.22903	-0.650238
0.749817	-0.410631
0.855276	-0.347115
1.11111	-0.68826
1.20065	-0.531859
1.2969	-0.724473
1.1058	-0.481337
1.27174	-0.493028
0.962798	-0.124468
1.01154	-0.301938
1.18743	-0.214026
0.927644	-0.261173
1.25823	-0.562365
1.36116	-0.651913
1.24788	-0.278619
0.926467	-0.21541
1.24415	-0.508033
0.883204	-0.126072
1.26454	-0.728452
1.13336	-0.399843
0.901802	-0.0297933
1.1201	-0.0171321
1.15704	-0.381428
1.10437	-0.28008
1.10493	-0.224148
0.930612	-0.113873
1.06194	-0.151453
1.00937	-0.545061
1.13984	-0.153698
0.907521	-0.109146
0.435079	0.160856
0.789847	-0.247993
1.70587	-1.1963
1.56216	-0.943725
1.32758	-0.805498
1.9039	-1.35869
1.79036	-1.2487
1.95263	-1.5261
1.75178	-1.37657
2.05128	-1.78439
1.7004	-1.27231
1.53699	-1.27736
2.09727	-2.68202
1.97859	-2.50781
2.10049	-2.77803
2.17858	-2.94477
2.00133	-2.58945
2.08726	-2.74342
1.98255	-2.47398
1.99016	-2.39513
1.29289	-1.33946
1.6402	-1.39964
1.37425	-1.05746
1.13277	-1.07117
0.977148	-1.125
1.55563	-1.7309
1.9382	-2.16718
1.76773	-1.81194
1.67129	-1.49042
1.93508	-1.6759
1.97287	-1.60217
2.12072	-1.74875
1.8619	-1.38995
1.81549	-1.31763
1.56622	-0.98552
1.64782	-1.1179
1.72753	-1.21959
2.01824	-1.67444
1.47736	-0.989572
1.53131	-0.986386
1.47635	-1.25566
1.10602	-0.778301
1.19837	-0.714854
1.13774	-0.326254
1.18872	-0.593589
1.02021	-0.459301
1.11574	-0.473683
0.974236	-0.564455
1.88658	-1.90275
2.50393	-2.58223
2.62904	-3.35152
1.44122	-1.51564
2.35832	-2.72409
2.14794	-2.38675
2.03195	-1.7393
2.464	-2.32637
2.30646	-1.81627
2.39828	-2.22531
2.22735	-2.02293
3.66256	-3.87548
2.90903	-2.49587
2.77255	-2.05178
2.51895	-1.88878
2.30021	-1.87926
1.81766	-1.30339
2.26716	-1.89851
1.62326	-1.25768
1.21361	-0.684511
1.23548	-0.612083
1.17397	-0.626463
0.867399	-0.34506
1.00348	-0.525987
0.959141	-0.483343
0.732688	-0.400575
0.548331	-0.401185
0.590979	-0.12728
0.765593	-0.545859
0.653253	-0.926965
0.31656	-1.01909
0.314313	-0.924418
0.423312	-0.584319
0.648858	-0.795026
1.08933	-1.22513
1.30964	-1.44571
1.0655	-1.10325
0.905073	-0.818191
0.895316	-0.732152
0.905354	-0.670909
1.21219	-0.947127
1.84639	-1.70823
2.27112	-2.02567
2.08943	-1.53888
2.22779	-1.76754
1.85012	-1.4634
2.09309	-1.95713
1.66044	-1.47266
1.55617	-1.38425
0.631569	-0.586331
0.396871	-0.243749
0.551112	-0.000362624
0.593266	0.495292
0.684639	0.391896
0.474522	0.665072
0.572604	0.460937
0.639641	0.482762
0.479104	0.472365
0.554072	0.112293
1.01096	-0.434475
1.3598	-1.0632
1.90089	-1.79256
1.56837	-1.14739
1.37839	-0.956246
1.5707	-1.07474
1.82327	-1.5043
1.90208	-1.5632
1.73605	-1.62036
0.495184	-0.732187
-0.0985984	-0.0656468
0.152848	0.109982
1.04368	-0.209456
1.47222	-0.946283
1.31772	-1.08406
1.08787	-0.751937
1.1443	-0.83932
0.900806	-0.345528
1.15902	-0.695609
0.976789	-0.470175
1.08947	-0.459735
1.26268	-0.548126
1.35937	-0.681698
1.24567	-0.606246
1.40916	-1.01016
1.54548	-1.22369
1.45354	-0.830111
1.71996	-1.04766
2.20461	-1.53085
2.64273	-2.10955
2.39278	-1.70365
2.6464	-2.02309
2.39019	-1.49193
2.73447	-2.18612
2.89603	-2.60893
3.10306	-3.03877
2.27555	-1.84449
1.02982	-0.733316
0.263388	-0.335261
-0.111239	-0.286119
0.226184	-0.335144
1.03914	-1.06357
1.01667	-1.21124
0.653443	-1.06141
0.567544	-1.10286
0.432156	-1.15694
0.25491	-0.932738
-0.145414	-0.83364
-0.0301651	-0.804672
0.544941	-1.23096
0.40832	-1.17321
0.43527	-0.928943
0.892441	-0.753721
0.661712	-0.323428
0.7421	-0.248631
0.6972	-0.0990779
1.08201	-0.590562
1.0434	-0.494362
1.25417	-0.481215
0.844499	-0.180826
1.08918	-0.258105
0.937982	-0.222738
1.03417	-0.193361
1.07076	-0.182298
1.00506	-0.270221
1.1315	-0.549183
0.996432	-0.448215
0.806168	-0.36741
0.742025	-0.480629
0.638082	-0.264342
0.961544	-0.405649
1.10461	-0.869004
1.00933	-0.49426
0.92449	-0.0419169
1.02067	-0.380441
1.1285	-0.43378
1.2283	-0.407271
1.02317	-0.283507
0.949919	-0.155733
0.9678	-0.0612136
0.999354	0.0888923
1.03265	-0.0882685
0.873147	-0.065794
0.849472	-0.52597
0.878064	-0.195437
1.00686	-0.141817
0.814342	-0.101407
0.951707	-0.0972179
1.08643	-0.41211
0.936502	-0.203156
1.04383	-0.272794
1.01736	-0.586402
0.924284	-0.698338
1.3395	-1.09465
1.82886	-1.62627
1.68587	-1.08878
2.23117	-2.2558
2.52231	-2.58173
2.37674	-2.25627
1.91203	-1.71416
1.77329	-1.62713
2.03806	-2.07633
2.03303	-2.08013
1.39722	-1.11806
1.43325	-1.31253
1.16215	-0.80177
1.57269	-1.36848
1.43452	-0.948949
1.36976	-0.248353
1.23418	-0.470061
1.23253	-1.64502
1.20073	-1.51664
0.785953	-1.03416
0.848264	-1.06688
0.896593	-1.02589
1.00924	-0.918144
1.21277	-0.807186
1.05158	-0.418996
1.09506	-0.789998
1.01939	-0.882001
0.752849	-0.878705
0.683417	-0.477542
0.878125	-0.539885
1.12814	-0.771368
1.18205	-1.05034
1.67623	-1.4987
1.27471	-0.985552
1.31592	-1.02207
1.25306	-0.986331
1.09355	-0.802307
1.04055	-0.781437
1.0957	-0.981769
0.365605	-0.368059
-0.134378	-0.029053
-0.332625	-0.141453
-0.153904	-0.078353
0.0494342	-0.0402259
1.04688	-0.771133
0.287264	-0.153638
0.407668	-0.557894
0.575702	-0.755528
1.1418	-1.06656
1.10565	-0.707852
0.989503	-0.376805
0.943653	-0.515578
0.287505	-0.600598
0.750266	-0.519631
1.08291	-0.737938
1.58751	-1.33806
1.98674	-2.0551
1.83566	-1.95309
1.57096	-1.51653
1.68605	-1.45454
1.92474	-1.73935
2.06393	-1.83298
1.70259	-1.49828
0.548944	-0.544254
0.539435	-0.631917
0.304179	-0.525729
0.283698	-0.0763152
0.216417	0.214966
0.183808	0.323169
0.487528	0.380249
0.608338	0.622806
0.477211	0.302045
0.568066	0.166048
0.715242	-0.0560567
0.561426	-0.471624
0.743055	-1.24005
0.737828	-1.30951
0.549137	-1.00395
0.578193	-1.10061
0.639748	-1.28765
0.674715	-1.30084
0.580031	-1.28788
0.773301	-1.40262
0.965969	-1.60044
1.03793	-1.68979
1.03012	-1.51602
1.08596	-1.45605
1.39154	-1.72123
1.27911	-1.47361
1.15223	-1.23839
1.17527	-1.15425
1.22213	-1.13553
1.28703	-1.13338
1.31315	-1.09763
1.32588	-1.01517
1.46277	-1.0977
1.89745	-2.08687
2.71093	-3.53638
2.47471	-3.08021
1.97931	-2.22788
2.41304	-2.92733
2.2116	-2.52553
2.2917	-2.5677
2.49717	-3.0202
2.82133	-3.46465
2.45038	-2.7591
2.79435	-3.27726
2.90339	-3.57169
1.87836	-2.02281
1.69154	-1.53135
1.98532	-1.87811
1.66921	-1.26622
1.78825	-1.39101
1.69639	-1.20521
1.2745	-0.781716
0.591167	-0.30611
0.330749	-0.249511
-0.171421	0.0168189
-0.167297	0.00837507
-0.160718	0.0500156
0.0607224	-0.110491
0.120155	-0.168312
1.05967	-0.992275
1.42479	-1.37891
1.50185	-1.66086
1.42629	-1.66765
1.63196	-1.89629
1.63026	-1.79377
1.47146	-1.27819
0.102038	-0.416764
-0.0652224	-0.59008
0.791316	-0.754326
1.46726	-1.27396
1.54836	-1.29325
1.27797	-0.917817
1.4247	-0.972722
1.18725	-0.525013
1.62347	-0.973428
1.54871	-1.09964
1.54328	-1.11786
1.76723	-1.34132
1.79917	-1.28133
1.66869	-1.10464
1.67368	-1.23971
1.91472	-1.41626
1.78006	-1.2968
1.85258	-1.39025
1.76406	-1.36671
1.56731	-1.22106
1.65305	-1.39628
1.90072	-1.708
2.09646	-1.92044
2.01015	-1.8256
2.46772	-2.3082
2.33046	-1.9048
2.02644	-1.49089
1.88837	-1.71733
0.39247	-0.395905
0.131926	-0.298788
-0.042432	-0.114258
-0.148705	0.158673
0.395762	0.287522
0.627674	0.363887
0.523453	0.485704
0.662688	0.256374
0.586497	0.325807
0.748144	-0.484923
1.05192	-0.529953
2.01826	-1.36646
2.05224	-1.49348
2.11874	-1.5916
1.65759	-1.04316
1.6974	-1.08569
1.27376	-0.640927
1.3588	-0.835434
1.29867	-0.902501
0.969133	-0.489715
1.2643	-0.813969
0.861027	-0.533526
0.954376	-0.714058
1.05602	-0.68054
0.837812	-0.488326
1.08848	-0.478408
1.02032	-0.526574
0.888056	-0.264048
0.752619	-0.161435
0.405508	-0.682073
0.540159	-0.714648
0.600984	-0.846226
1.20128	-1.38588
1.73041	-1.68806
1.93564	-1.99876
2.23194	-2.41251
2.38268	-2.63284
1.97983	-1.9855
1.98979	-1.84029
1.78701	-1.4973
1.45938	-1.38079
0.788074	-0.998676
0.159419	-0.218802
0.143138	0.176132
0.224417	0.315361
0.405863	0.110261
0.410793	0.0263441
0.666456	0.317544
0.675146	0.363334
0.617654	0.115329
0.664954	0.0684179
0.769329	-0.325684
0.769483	-0.189587
0.730061	-0.636841
0.546663	-0.693699
1.61517	-1.3908
0.624757	-0.497635
0.465763	-0.527399
0.322378	-0.592717
-0.173746	-0.489227
1.29405	-1.42092
1.29879	-1.41748
1.39666	-1.53355
1.04232	-0.994166
0.992259	-0.93703
0.124993	-0.170414
-0.0797181	-0.0284755
-0.0267975	0.0496991
0.280505	0.494694
0.36011	0.392667
0.262747	0.288558
0.19323	0.4793
0.267119	0.407221
0.533125	0.138616
1.26279	-0.667604
1.27185	-0.601353
1.3026	-0.786495
1.62202	-1.15109
2.28056	-2.12581
2.25486	-1.70673
2.60643	-2.43209
2.67852	-2.4553
2.92232	-2.53221
2.82326	-2.32643
1.87954	-1.54009
1.02132	-0.738632
2.75385	-2.58968
3.38733	-3.75654
2.08819	-1.90608
1.84205	-1.60173
2.32694	-2.71817
2.25117	-2.60797
1.81347	-1.86906
1.6634	-1.70153
1.53901	-1.34185
1.52341	-1.24907
1.05767	-0.714528
1.17033	-0.888722
0.798599	-0.554287
1.28524	-1.0614
1.12024	-0.949453
0.698292	-0.657605
0.733379	-0.361281
0.179825	0.070277
0.0492724	0.173392
0.474057	0.479725
0.575719	0.612568
0.540803	0.288738
0.443966	0.390155
0.522036	0.415058
0.480744	0.413975
0.363123	0.0396669
0.62326	0.231809
0.534596	0.194833
0.591242	0.194726
0.568695	0.322249
1.0655	-0.683178
0.954935	-0.0948867
0.881851	-0.185802
0.88624	-0.0240446
1.06785	-0.256771
1.0377	-0.341125
1.02107	-0.279878
0.827214	-0.169942
1.00202	-0.270563
0.965575	-0.191176
1.01899	-0.172987
1.14317	-0.16862
0.89304	-0.406809
0.959465	-0.190388
1.06858	-0.49969
0.880445	-0.226909
1.16463	-0.526695
0.993114	-0.476707
1.01364	-0.483558
1.11947	-0.404473
0.810403	-0.181082
0.937813	-0.204895
0.857119	-0.232432
0.67461	-0.30278
0.624737	-0.656001
0.865053	-0.921663
-0.257534	-0.553004
-0.337361	-0.736501
-0.20871	-0.869448
-0.166121	-0.922037
-0.0477814	-0.966444
0.025376	-0.964005
0.106109	-0.952941
0.309908	-0.934034
0.623643	-0.953497
1.3682	-1.58933
1.78933	-1.88188
2.23482	-2.32505
2.10994	-1.62276
2.36982	-1.65743
2.19327	-1.60051
2.15093	-2.35506
2.20281	-2.39635
1.86161	-1.80133
2.12849	-2.2467
1.33019	-0.948699
0.80956	-0.0888724
3.12105	-2.7286
1.92943	-0.915764
1.58756	-0.440997
1.29923	-0.0696264
1.13781	0.124837
1.07058	0.0990002
1.17148	0.0512398
1.28021	-0.294585
1.13916	-0.607583
1.56345	-1.33021
1.69692	-1.2381
1.20525	-0.883916
0.845131	-0.297979
0.602555	0.229642
0.879488	0.147921
0.889621	-0.255915
0.667745	-0.419354
1.20382	-0.665744
0.553662	-0.0346052
0.165348	0.228148
0.141898	0.215185
0.165233	0.121938
0.147033	0.173162
0.844948	-0.615223
1.04932	-0.710285
1.20349	-1.13265
1.2109	-1.205
0.375278	-0.207154
0.424786	-0.0908938
0.971126	-0.228209
1.31348	-1.03207
0.954887	-0.608534
1.58996	-1.01189
2.13134	-1.6625
1.47841	-0.985292
1.41342	-0.895682
1.36677	-0.841629
1.3938	-0.937322
1.84299	-1.94372
1.69887	-1.81704
2.18111	-2.54449
2.61119	-3.15977
2.50347	-2.79683
3.03799	-3.61948
2.55368	-2.73739
2.75829	-3.11209
2.60964	-3.02116
2.48686	-2.92201
2.30732	-2.72749
2.50827	-3.13502
2.78258	-3.53988
2.14394	-2.50336
2.39364	-2.9565
2.22797	-2.78104
1.99745	-2.44318
1.8148	-2.15102
1.69189	-1.9817
1.74005	-1.78516
1.39343	-1.03271
1.08507	-0.450292
1.01024	-0.369883
0.805374	-0.207469
0.726164	-0.110002
0.777799	-0.184958
0.749351	-0.162733
0.821376	-0.232129
0.778746	-0.213645
0.979442	-0.543359
1.12633	-0.855038
1.55642	-1.38623
1.27846	-0.782091
1.32658	-1.05561
1.58474	-1.15725
1.12198	-0.711898
0.761867	-0.348388
1.00152	-0.683269
1.73496	-1.65217
2.09107	-2.22262
2.37343	-2.57029
2.89405	-3.47141
2.2551	-2.67518
1.78112	-2.16216
1.63686	-2.00777
1.54287	-1.80329
1.13976	-1.10107
1.02081	-0.692638
1.37832	-0.875333
1.54733	-1.01191
1.5251	-0.981035
2.40644	-2.01524
2.04861	-1.41476
1.76377	-1.27144
1.90407	-1.33156
1.70045	-1.053
1.46419	-0.842335
1.67885	-0.936194
1.54176	-0.900024
1.493	-0.757583
1.43016	-0.932248
1.27601	-0.81682
1.21259	-0.914034
1.80237	-1.39453
1.62216	-1.30568
1.96279	-1.64269
2.05148	-1.72897
2.23762	-1.90513
2.12352	-1.7497
2.40866	-2.03994
3.31728	-3.36134
4.00191	-4.43201
3.66874	-3.95925
3.24706	-3.72085
2.40998	-2.76554
2.35775	-2.50527
2.78513	-3.24269
2.11753	-2.35335
1.61307	-1.40107
1.34689	-1.02386
1.30041	-1.27072
1.22624	-1.13184
0.332707	-0.377458
0.245026	0.0523753
0.400606	0.351385
0.739465	0.71929
0.545014	0.561192
0.493527	0.33443
0.595292	0.419992
0.636074	0.342963
0.571925	0.298149
0.626559	0.123542
0.586344	-0.0517486
0.512903	-0.560734
0.442572	-0.611846
1.26091	-1.57801
0.902398	-1.19054
0.91186	-0.959228
1.07971	-1.04456
1.55872	-1.50454
1.27176	-0.906091
2.09926	-1.99047
1.63725	-1.53982
1.20467	-1.09573
0.589886	-0.349651
0.445949	-0.00166478
0.302595	0.220769
0.345336	0.326292
0.500556	0.751802
0.683691	0.803998
0.85199	0.71473
0.71088	0.299072
1.18141	-0.59072
0.826053	-0.120387
0.786726	-0.299536
0.885248	-0.297526
0.721679	-0.114363
0.646474	0.023008
0.736585	0.122643
1.24058	-1.00795
1.95005	-1.66516
1.58826	-0.281961
2.16312	-1.21528
2.13726	-1.38783
2.50702	-1.89703
3.09816	-2.79423
3.00724	-2.36964
2.60512	-1.82214
2.17159	-1.18128
1.89812	-1.37854
2.18584	-2.03906
2.25058	-2.36386
1.85156	-1.66965
1.14025	-0.83902
0.491611	-0.0275567
0.363679	0.155099
0.450089	0.184484
0.616527	0.0699173
0.592795	0.347484
0.409025	0.489993
0.251589	0.222004
0.615587	-0.091072
0.438918	-0.0235834
0.471044	-0.459412
0.767589	-1.15197
0.863676	-1.31075
0.649968	-1.1574
0.718737	-1.1579
0.827498	-1.38972
1.02187	-1.43907
1.13324	-0.945592
0.989851	-0.653903
0.991294	-0.657412
0.918347	-0.223201
0.809254	-0.121584
0.896302	-0.219905
1.02818	-0.432182
1.02235	-0.47506
1.37527	-0.468371
1.34028	-0.40624
0.990569	-0.273557
1.29669	-0.481324
1.11104	-0.705657
1.12113	-0.56308
1.60163	-1.24382
2.24488	-1.54548
2.71947	-2.54482
2.30961	-1.8926
1.70929	-1.16194
1.75784	-1.30145
1.97866	-1.78841
1.65392	-1.35715
1.67924	-1.50337
1.31652	-1.07346
1.19329	-1.01653
1.03568	-0.947587
1.19186	-0.808374
1.10134	-0.449511
0.615767	-0.806522
0.831859	-0.718213
1.06101	-0.692153
1.0243	-0.764851
0.97934	-0.988554
1.06173	-1.0103
1.09675	-1.1355
1.13522	-1.0463
2.26425	-2.09775
1.96671	-1.36122
2.20889	-2.05691
2.66266	-3.09252
2.00238	-2.01658
1.91622	-1.69855
2.41158	-1.76975
1.78855	-0.751513
1.74567	-0.939225
1.77487	-1.03154
1.53298	-1.07628
1.85782	-1.16942
1.65262	-0.9703
1.63614	-0.842178
1.44844	-0.430094
1.20605	-0.740754
1.31382	-1.20653
1.21193	-1.25811
1.03024	-0.658929
0.943264	-0.684779
0.868444	-0.86143
0.975569	-0.933329
1.18395	-0.986571
0.861433	-0.74794
1.10427	-0.766677
0.873287	-0.457694
1.0618	-0.489595
0.998448	-0.462874
0.976876	-0.318521
0.964177	-0.154794
1.12207	-0.504225
1.05242	-0.294038
1.06419	-0.103122
1.23718	-0.249523
1.17808	-0.288013
1.07605	-0.234154
1.00538	-0.564922
0.942242	-0.251457
0.926412	-0.245994
0.975023	-0.195054
1.23887	-0.556828
1.00687	-0.333343
1.60082	-0.980783
1.7499	-1.05488
1.50286	-0.820988
1.87394	-1.35167
1.58113	-0.932126
1.50652	-0.710373
1.35797	-0.606913
1.62229	-0.73236
3.27053	-3.45477
2.5855	-1.94594
1.98056	-1.15226
2.18993	-1.46137
2.05647	-1.28828
2.06329	-1.30306
2.20708	-1.44899
2.30528	-1.60721
2.47669	-1.85319
2.25209	-1.68845
2.00223	-1.35282
1.53474	-0.813186
1.46927	-0.753213
1.64594	-0.933379
1.80282	-1.17487
2.1247	-1.74614
2.42124	-2.19488
2.76309	-2.50668
3.28818	-3.77627
1.841	-1.91272
1.74441	-1.67551
1.78099	-1.75925
1.65898	-1.39857
1.92658	-1.52773
0.179764	-0.0742946
0.29743	0.146612
-0.184064	0.31959
-0.221448	0.189468
-0.0437068	0.197155
0.224326	0.29264
0.3803	0.043117
0.099097	-0.288183
0.416653	-0.503073
0.632366	-0.351494
0.24567	0.151158
0.18794	0.275951
-0.0133577	0.230984
0.129476	0.0475297
-0.102991	0.263756
-0.281352	0.38572
-0.420686	0.356802
-0.735939	0.637481
-0.453943	0.591132
-0.414156	0.625604
-0.297048	0.454872
0.109369	0.236634
0.440861	-0.0422611
0.270372	-0.130689
0.312459	-0.0976472
1.05982	-0.930567
1.29822	-1.2292
2.07541	-2.05704
1.77503	-1.49083
2.00794	-1.90983
2.32133	-2.68394
2.07084	-2.48602
1.72073	-1.9532
1.84448	-2.27739
1.47097	-1.79655
1.19794	-1.526
1.18239	-1.57209
1.29021	-1.75447
0.924858	-1.36824
0.675861	-1.12667
0.520437	-1.00431
0.56799	-1.07381
0.647146	-1.04248
0.793412	-1.13345
1.00009	-1.22283
1.45963	-1.51069
1.38717	-1.30186
1.72547	-1.32842
1.90793	-1.4486
1.96755	-1.50145
2.12484	-1.50191
2.31211	-1.58757
2.00772	-1.38592
1.49736	-0.514687
1.71791	-0.883554
2.54229	-1.97716
1.56726	-0.665437
1.23616	-0.296839
1.12957	-0.406101
1.07763	-0.425915
1.69508	-1.14848
1.50168	-1.33147
1.55035	-1.2239
1.66731	-1.39805
0.702813	-0.425988
0.392604	-0.0520826
0.378504	0.293608
0.665446	0.458998
0.594665	0.725512
0.452927	0.416896
0.436712	0.421526
0.472178	0.426911
0.45483	0.32074
0.508079	0.169847
1.18836	-0.77556
1.98815	-1.48056
1.83748	-1.04204
2.4072	-1.80386
2.49182	-2.13588
2.56426	-2.2403
2.65848	-2.40151
2.89682	-2.9584
2.86518	-3.21466
2.88686	-3.45291
2.36034	-2.54724
1.98918	-1.8213
1.97318	-1.81119
1.73077	-1.77761
1.11679	-1.12528
1.53056	-1.46485
1.05363	-0.745575
0.956337	-0.599851
1.08527	-0.593557
0.7596	-0.238776
0.607489	0.195532
0.96865	-0.391608
1.24603	-0.556066
1.41619	-0.573174
1.35162	-0.732382
1.49055	-1.06791
1.65058	-1.30051
1.31308	-1.21606
2.2141	-2.21889
2.66472	-3.04868
2.36401	-2.77131
2.07065	-2.31506
3.05659	-4.21546
2.50481	-3.31689
1.83347	-2.23988
1.27238	-1.25298
1.41842	-0.997998
2.49748	-2.54752
2.27738	-2.27522
2.24051	-2.28177
1.89171	-1.71043
1.90207	-1.81086
1.62464	-1.49809
1.81794	-1.91993
1.91884	-1.86536
1.43326	-1.51997
1.55931	-1.80125
1.80019	-1.8573
1.68678	-1.97988
1.30932	-1.27038
1.53365	-1.64912
1.14709	-1.1432
1.21016	-1.04691
1.12107	-0.902907
1.58378	-1.29813
1.24059	-0.834125
1.04186	-0.568026
1.13389	-0.539543
0.909045	-0.197908
1.26412	-0.570199
0.771121	-0.187934
0.906596	-0.1497
1.0579	-0.266599
0.878031	-0.284405
1.06147	-0.2745
0.753372	-0.0965309
0.79584	-0.0185759
0.951375	-0.195513
0.77735	-0.211843
1.09367	-0.101236
1.21183	-0.494892
0.983766	-0.407104
0.852157	-0.164214
1.04085	-0.329366
1.04095	-0.443946
1.12269	-0.831864
1.33101	-1.10032
1.64699	-1.69242
1.27299	-0.978915
1.27556	-1.01055
1.72554	-1.34911
1.38971	-1.05241
2.6146	-2.65221
2.66942	-2.42423
2.12986	-1.58134
2.00553	-1.27259
1.91031	-1.3611
1.93196	-1.15221
1.82807	-1.22112
1.5439	-0.921509
1.05127	-0.485942
1.21073	-0.700484
1.02334	-0.675553
0.967149	-0.807005
1.10554	-1.36318
0.969757	-1.27556
0.917341	-1.23118
0.977638	-1.05421
1.39466	-1.41883
1.23032	-0.900437
0.878033	-0.667816
0.715628	-0.567662
0.639193	-0.576294
0.957168	-0.606857
1.17294	-0.739981
0.975278	-0.221877
1.29568	-0.679955
1.41968	-1.03742
1.73405	-1.45861
1.75737	-1.29825
1.93337	-1.30499
1.57245	-0.653995
1.27863	-0.492454
1.13422	-0.518913
1.19109	-1.03759
0.813964	-0.904083
0.617289	-0.597557
0.594051	-0.187433
0.40897	0.178434
0.597377	0.412234
0.835944	0.564167
0.803567	0.653022
0.780462	0.740296
0.540215	0.665384
0.805742	0.941529
0.56414	0.570952
0.728221	0.7234
0.860021	0.493424
0.789614	0.284229
0.748335	-0.698418
1.3846	-1.53697
1.19096	-1.17204
1.05732	-0.815788
1.06704	-0.723897
1.00573	-0.604456
1.08539	-0.557316
1.24869	-0.655848
1.32297	-0.595448
1.43397	-0.733527
1.64611	-0.901794
1.79203	-1.07551
1.78328	-0.961625
1.83344	-0.846281
2.10521	-1.25023
1.91105	-1.00721
2.43262	-1.80331
2.08222	-1.10611
1.87964	-0.675303
2.10121	-0.935952
1.86795	-0.463142
1.66265	-0.155185
1.65835	-0.278627
1.92839	-0.749972
1.93798	-0.7274
2.01032	-0.860554
1.89964	-0.74403
1.35141	-0.465264
1.12095	-0.865683
1.70634	-1.47634
1.92547	-1.32291
1.67492	-0.888875
0.609689	-0.0484018
0.474554	-0.316558
-0.252465	0.196938
0.0197095	0.342512
0.0783944	0.518264
0.23132	0.364835
0.398118	0.528785
0.701648	0.585752
0.564077	0.639931
0.63666	0.518602
0.7245	0.733227
0.61522	0.173113
0.770583	-0.192363
0.839621	-0.508259
0.916512	-0.606553
1.36011	-0.92781
1.80184	-1.24792
2.11408	-1.24814
2.38457	-1.96226
2.7215	-2.64477
2.10402	-2.47162
2.47828	-3.07873
2.32225	-2.87132
2.26847	-2.7864
2.01435	-2.37678
2.06859	-2.56952
1.96221	-2.43459
1.8021	-2.26282
2.27275	-3.02957
2.47448	-3.27418
2.09872	-2.87356
1.36904	-1.93316
1.72499	-2.23254
1.8688	-2.21788
1.04014	-1.00301
1.1178	-0.963182
1.28119	-1.16371
1.31692	-1.19363
1.16076	-1.02406
1.59378	-1.65988
1.80906	-1.92904
1.90456	-2.1071
2.32793	-2.82394
2.06113	-2.65929
1.47361	-1.52555
0.824983	-0.762583
1.24214	-1.09159
1.07852	-0.985227
1.02687	-0.871682
0.341749	-0.12776
0.311885	0.30563
0.126632	0.302815
0.347416	0.201285
0.695104	-0.0563379
0.728215	0.059612
0.426733	-0.337921
0.540487	-0.333256
1.19254	-0.978086
2.06955	-1.97354
1.65208	-0.961692
1.3566	-0.600696
1.90835	-1.35281
2.44689	-2.30553
1.93725	-1.69295
1.75489	-1.51676
1.74258	-1.43518
1.16549	-0.717504
1.10506	-0.709347
1.10037	-0.594969
0.978209	-0.446804
1.12658	-0.260015
1.2273	-0.812513
1.01966	-0.795652
1.34456	-1.13704
1.61447	-1.39934
2.87538	-3.15292
2.80493	-3.0035
2.45886	-2.31637
2.41483	-2.16584
2.18834	-2.43225
2.33726	-2.70682
2.64823	-3.19118
2.54099	-3.13854
2.73642	-3.38481
2.46089	-2.89148
1.83391	-2.07751
0.868474	-1.09707
0.259447	-0.84852
0.0165126	-0.771007
-0.0815677	-0.870541
-0.0456371	-0.932293
0.252995	-0.916784
0.682738	-0.890974
1.15377	-1.02644
1.59873	-1.45728
1.8257	-1.66018
2.08617	-1.98988
2.00651	-1.93333
2.20589	-2.19238
2.62146	-3.20249
2.20232	-2.77792
1.88692	-2.23471
2.19243	-2.71225
2.37953	-2.9856
2.16717	-2.64018
2.60069	-2.85299
2.76939	-2.73524
2.63503	-2.26185
2.45092	-1.97575
2.29863	-1.78608
2.57859	-2.23375
2.62803	-2.20728
2.87476	-2.61205
3.28599	-3.63369
2.7971	-3.07656
2.79028	-2.9184
2.67487	-2.66489
2.2269	-1.79114
1.80186	-1.33269
1.63896	-1.4201
1.28802	-1.14754
1.33097	-0.928799
1.00918	-0.511905
0.947507	-0.440032
0.984547	-0.429889
0.92007	-0.645217
1.25429	-0.63353
0.919284	-0.279331
0.851562	-0.564652
1.2758	-0.802439
1.03338	-1.26681
1.23342	-1.18887
0.650141	-0.45597
0.479135	-0.426355
0.475015	-0.509776
0.472824	-0.41911
0.578779	-0.362975
0.792348	-0.441427
0.64797	-0.560132
0.650606	-0.4402
0.492173	-0.47949
0.638395	-0.381109
0.216825	-0.0708805
0.480009	0.0313763
0.679237	0.0653663
0.773452	0.229265
0.922659	0.197114
0.694144	-0.206337
0.815955	-0.582073
1.0883	-0.561921
1.95956	-0.728241
1.84235	-0.521634
2.10135	-0.868442
2.14714	-1.0242
2.92916	-2.55332
2.63422	-2.0722
2.51577	-1.78585
1.63618	-0.644605
1.54461	-0.848937
1.22388	-0.660105
0.0358537	0.0703181
0.0689564	0.245378
0.304417	0.510433
0.564413	0.656538
0.751373	0.916
0.738485	0.846965
1.03777	1.09782
0.747277	0.565852
0.469571	0.652093
0.345386	0.256881
0.543512	0.0419095
0.877838	-0.493519
0.939855	-0.679896
1.52131	-1.01647
1.74631	-0.674651
2.78596	-2.19723
2.82639	-2.54114
2.85045	-2.76177
1.85384	-1.37246
1.09194	-0.248769
0.822429	-0.20697
0.813705	-0.305823
0.668892	-0.216618
1.4026	-1.10519
1.29843	-1.05145
1.19869	-0.74971
1.11187	-0.88577
1.21954	-0.99819
1.19698	-0.816277
1.13835	-0.716852
1.80458	-1.63294
1.59889	-0.903489
1.88244	-1.45951
2.38261	-2.30304
2.2691	-2.12147
2.42648	-2.66196
2.46261	-2.61601
2.16242	-2.0075
2.18936	-2.15566
2.44765	-2.50456
2.14268	-2.01413
2.17849	-2.0715
1.86923	-1.83405
1.98879	-1.86045
1.27296	-0.63014
0.842686	0.199832
0.752221	-0.169661
0.883974	-0.431012
1.19131	-0.892556
1.01333	-0.971219
0.677545	-0.751191
1.31931	-1.41764
1.97185	-2.26731
2.06021	-2.28059
1.86192	-1.93182
1.77719	-1.80575
1.75917	-1.76374
1.7545	-1.74215
1.68736	-1.62137
1.61521	-1.67954
1.58915	-1.68454
1.8092	-1.83835
1.16621	-1.13589
1.29545	-1.16277
1.872	-1.89005
1.95153	-2.0156
1.85604	-1.68866
1.41383	-1.57677
1.65171	-1.69116
1.48091	-1.42365
0.75797	-0.699237
0.530903	-0.292051
0.428518	0.0831926
0.451849	0.246425
0.445905	0.405597
0.570135	0.678241
0.588804	0.398442
0.260837	0.340115
0.36582	0.467693
0.625532	0.482067
0.588152	0.457344
0.702992	0.523418
1.09928	-0.692467
0.942672	-0.229898
1.05949	-0.449314
0.957575	-0.167714
1.1196	-0.543239
1.02837	-0.412519
0.895567	-0.381731
0.976405	-0.457687
0.996964	-0.506378
1.27442	-0.821346
0.978084	-0.496906
1.22958	-0.640352
1.83048	-1.16108
2.13665	-1.0602
2.12014	-0.89381
1.87539	-0.695382
2.19083	-0.855346
1.80146	-0.996032
2.02347	-1.91513
2.40385	-2.47437
2.30187	-2.25005
2.49934	-2.7755
2.36424	-2.36964
2.70483	-2.45911
3.85589	-3.60871
3.9829	-3.97075
2.81148	-2.11869
3.10658	-2.76902
3.91084	-4.21413
3.48803	-3.29793
2.88953	-2.17165
3.23392	-2.51108
3.48095	-2.89762
3.37665	-2.82804
2.6363	-1.87331
2.70029	-2.12974
2.3451	-1.53055
2.23243	-1.59268
1.32528	-0.956572
0.648816	-0.803251
0.573532	-0.422967
0.790943	-0.704647
0.726363	-0.518199
0.445587	-0.452001
0.478217	-0.225795
1.83663	-1.51589
2.3679	-1.97831
2.36513	-2.12188
1.79559	-1.08941
1.53426	-0.618218
2.16026	-1.29783
2.41406	-1.90086
2.53117	-2.23335
2.49697	-2.38561
1.79884	-1.38141
1.60384	-1.20921
1.19983	-0.759309
1.00929	-0.624363
0.936772	-0.79501
1.05257	-1.24149
1.48397	-1.95235
2.35628	-2.22746
2.05167	-1.93701
2.14072	-2.245
2.3259	-2.32078
1.45737	-1.22895
1.46072	-1.18785
1.28131	-0.875501
1.12919	-1.06619
0.431402	-0.303333
0.110993	-0.0569211
0.248365	-0.119982
0.497425	0.317035
0.668354	0.599987
0.594728	0.572459
0.750091	0.53747
0.678861	0.040235
0.652913	-0.241318
0.660394	-0.211278
0.743501	0.0463588
0.867731	-0.258416
0.829031	-0.205315
1.14446	-0.349754
1.06771	-0.786165
1.22335	-1.46122
0.835074	-1.0606
1.1394	-1.59277
1.21496	-1.64032
1.50558	-1.94791
1.22171	-1.38588
0.30108	-0.485331
0.946919	-0.841185
1.65545	-1.53561
1.50501	-1.3081
1.60949	-1.25215
1.38467	-0.884644
1.5719	-1.09225
1.67999	-1.24456
1.62009	-1.19971
1.82821	-1.58294
2.48515	-2.42178
2.34539	-1.91196
1.39425	-0.581618
1.41646	-0.85181
1.39157	-1.2224
1.71612	-1.80481
1.29023	-0.966031
1.28418	-1.12903
1.35705	-1.05833
1.31918	-0.987879
1.21227	-0.671535
1.01625	-0.357296
1.07901	-0.633802
1.94293	-1.53371
2.0997	-1.5527
2.00348	-1.51059
2.41829	-2.29628
2.75001	-2.69081
2.32363	-2.13992
2.20057	-1.86781
1.88971	-1.36465
1.66714	-1.17587
1.15601	-0.805784
1.37469	-0.980097
1.27636	-0.705614
1.30281	-1.06661
1.15764	-0.790026
1.1484	-0.590001
1.3085	-0.879129
1.48829	-1.21922
3.2612	-3.49255
2.58839	-2.44249
2.20235	-1.80424
2.22159	-1.64326
2.75806	-2.72758
3.00963	-3.64544
3.01899	-3.74975
2.76487	-3.27477
2.98097	-3.66222
2.55308	-2.59835
2.56418	-2.28492
1.77855	-1.04352
1.93349	-1.29421
1.81669	-1.17476
1.8498	-1.28004
1.94949	-1.51278
2.13615	-1.87021
2.57054	-2.58029
2.4749	-2.4609
2.16759	-1.9983
1.68161	-1.25109
1.78879	-1.32004
1.64536	-0.946061
1.52379	-0.921758
1.15878	-0.52432
1.03519	-0.378803
0.615407	-0.589242
0.700047	-0.983422
0.277232	-0.602186
0.346877	-0.820365
0.269301	-0.845519
0.315088	-0.931462
0.633337	-1.20944
0.716174	-0.967566
1.24293	-1.33674
1.00288	-1.10965
1.13809	-0.850347
1.45171	-1.25184
0.987225	-1.00657
1.06167	-0.965085
0.95765	-0.936107
1.11358	-1.1167
1.20152	-1.35271
0.946144	-0.95666
1.12095	-0.835792
1.48066	-1.24141
2.01805	-1.80662
3.27029	-3.66739
2.60103	-2.32501
2.46931	-1.96711
2.53135	-1.84506
2.54168	-1.63035
2.1071	-1.15742
1.90364	-1.32659
1.6269	-1.43689
1.77005	-1.755
1.54716	-1.28278
1.03694	-0.620113
1.15968	-0.716783
0.770616	-0.191272
0.843376	-0.0957127
0.893245	-0.252374
1.4713	-1.01345
1.46848	-0.935112
1.32006	-0.736599
1.28556	-0.695322
2.17906	-1.29857
2.05013	-1.00001
1.56422	-1.02843
2.19151	-2.41576
1.99691	-2.27352
2.35667	-2.78806
2.37585	-2.77447
2.40716	-2.85415
1.91622	-2.10682
2.24927	-2.75129
2.37347	-2.72953
2.29626	-2.56225
2.40658	-2.8396
2.44605	-3.08512
2.32267	-2.80269
1.88865	-1.97702
1.78652	-1.29706
1.64285	-1.04566
2.00437	-1.49641
2.73101	-2.65546
3.22674	-3.37799
3.11094	-3.26148
2.01931	-1.48093
1.83943	-1.58207
1.55486	-1.42526
1.46174	-1.66689
1.66415	-1.88056
2.1656	-2.64271
2.15089	-2.60669
1.89221	-2.12531
1.50961	-1.41166
1.93185	-1.93554
2.11739	-2.03476
1.70846	-0.97535
1.13996	-0.256297
1.07708	-0.64066
0.118649	0.302238
-0.119015	0.0603899
-0.0631321	0.176467
-0.193843	0.339636
0.353808	0.613321
0.458597	0.579205
0.24149	0.733323
0.238978	0.606323
0.181061	0.481616
0.668451	-0.148607
1.56377	-0.734126
1.39705	-0.566499
1.57852	-0.911636
1.9251	-1.26705
2.37655	-1.87368
2.22641	-1.59487
2.06509	-1.41693
1.14222	-0.944232
1.10004	-1.21821
0.985237	-0.332633
0.939451	-0.438311
0.60336	-0.417683
0.684632	-0.544539
1.81627	-1.58184
2.43444	-2.17976
2.21616	-1.97359
2.05786	-1.69791
1.97523	-1.50133
2.35416	-2.05768
2.93462	-2.94408
3.02222	-3.05534
2.94493	-2.96193
2.87019	-2.78495
2.90798	-2.81387
3.13732	-3.30557
3.14783	-3.46674
2.67654	-2.41956
2.68743	-2.52523
2.32467	-2.16708
2.58229	-2.79363
1.78539	-1.58876
2.34097	-2.58525
2.07198	-1.9201
2.19936	-2.4445
1.67806	-1.61344
1.42099	-1.42039
1.69108	-1.59607
1.47519	-1.35148
1.07313	-0.930494
1.08674	-0.80828
1.09112	-0.653066
0.985886	-0.716419
0.768141	-0.075973
1.28	0.503129
1.1662	-0.284482
1.12989	-0.548285
0.929653	-0.240727
0.931359	-0.247262
1.05704	-0.468962
1.03115	-0.342773
0.896708	-0.164767
0.938856	-0.375441
1.08774	-0.382565
0.968989	-0.206079
0.871322	-0.153109
1.09809	-0.248598
0.843349	-0.228453
0.670217	0.00398397
0.716915	-0.135419
0.932477	-0.336084
0.939336	-0.17915
0.885461	0.0802218
0.849684	-0.0450969
0.865785	-0.437226
1.40156	-0.945989
1.98108	-1.87312
2.29069	-2.45158
2.15246	-2.46255
1.99363	-2.29687
2.04863	-2.45368
1.66817	-2.17748
1.67462	-2.12416
1.70409	-2.12
1.61605	-1.93268
1.74728	-2.17785
1.71401	-2.08899
1.60606	-1.80922
1.69962	-2.02494
1.61542	-1.89749
1.6758	-1.93267
1.74066	-1.72587
2.42721	-2.22464
2.11457	-1.33901
1.55834	-0.338683
1.27703	0.127798
0.346707	0.41229
-0.245456	0.0850016
0.119297	0.0282246
0.448167	0.329211
0.509013	0.579595
0.661493	0.687249
0.513778	0.806656
0.626774	0.556553
0.644077	0.545131
0.512143	0.27738
0.776806	-0.313576
1.64614	-1.64567
2.79213	-2.7806
2.15048	-1.59005
2.19829	-1.86185
1.82925	-1.48004
1.35623	-0.894935
1.13719	-0.785592
0.770095	-0.601865
0.536509	-0.658698
0.270457	-0.732353
0.131897	-0.892353
1.08616	-0.763649
1.50992	-1.14039
1.10558	-0.859022
1.49322	-1.26414
0.979736	-0.875394
1.12401	-1.10596
1.12334	-1.17215
0.696041	-0.801747
1.17137	-1.1911
0.920415	-0.660221
1.21946	-1.04948
1.7992	-1.41645
2.38244	-2.24414
2.68771	-2.57673
2.80436	-2.69182
2.80714	-2.94939
2.4559	-2.54476
2.03227	-1.97005
1.85799	-1.64634
1.89207	-1.54018
1.85188	-1.4695
2.15344	-1.89807
2.20595	-2.02814
2.11939	-1.94147
1.80049	-1.42397
2.14007	-1.7783
1.58464	-1.29009
1.37134	-0.920118
1.52713	-0.749661
1.31476	-0.362442
1.22189	-0.546957
1.21309	-0.574795
1.40574	-0.837667
1.27673	-0.80397
1.61185	-1.48739
2.03288	-2.19989
2.52704	-2.28024
2.51125	-2.45048
2.34704	-2.27068
2.43751	-2.37631
2.4011	-2.63472
1.95482	-1.8672
1.62767	-1.05726
1.74302	-1.17608
1.93298	-1.38654
1.83504	-1.92506
2.20498	-2.8021
1.8841	-2.37467
2.20067	-2.77762
2.53984	-3.4154
2.719	-3.58458
1.70544	-1.80781
1.38046	-1.05218
2.84776	-2.62738
2.49998	-1.94732
2.76533	-2.41046
2.64846	-2.26605
2.32076	-1.9647
2.6583	-2.16631
1.51555	-1.05706
0.394053	-0.134212
0.10071	0.21431
0.13385	0.583655
0.240154	0.57789
0.551577	0.7002
0.933591	0.879572
0.988822	0.764518
0.661567	0.286973
0.670235	0.228314
0.68606	0.00271925
0.709859	-0.578782
1.21921	-1.0514
1.82212	-1.34636
2.40714	-2.22772
2.24653	-2.00926
2.49938	-2.41533
2.23748	-1.9087
2.05283	-1.68213
1.93273	-1.52147
1.8493	-1.38092
2.23751	-1.86717
2.51821	-2.33137
2.64523	-2.37271
2.45995	-2.02336
2.45726	-1.88874
2.09145	-1.14192
2.16831	-1.59646
2.37724	-2.23996
1.77072	-2.26312
1.40495	-1.41065
1.90277	-2.15503
2.3737	-2.52958
1.47992	-1.11292
1.73127	-1.47671
2.26782	-1.73326
2.21729	-1.8803
2.74791	-2.77891
2.4123	-2.66037
2.00268	-1.96188
1.73336	-1.66848
1.49811	-1.54036
1.1922	-1.20092
0.860155	-1.03505
0.381148	-0.673416
0.224712	-0.837389
0.291848	-0.680202
0.435929	-0.58546
0.262724	-0.819675
0.331151	-0.825087
0.0351468	-0.785883
0.216638	-1.12204
0.232288	-1.09169
0.353684	-1.26941
0.418766	-1.17886
0.505743	-1.10884
0.651852	-1.13022
0.828689	-1.14607
0.78724	-0.834412
1.38714	-1.37436
1.51211	-1.59464
1.48816	-1.58632
1.3593	-1.37622
1.40161	-1.40034
1.65074	-1.93181
1.31463	-1.2889
1.55355	-1.53394
1.46782	-1.43744
1.52343	-1.37199
1.19537	-0.915448
1.40291	-1.28344
1.06882	-0.532946
0.855398	-0.161925
0.870581	-0.0829408
1.11593	-0.521423
0.927865	-0.219403
0.938896	-0.247806
1.07376	-0.449611
0.682553	0.0337401
0.971738	-0.338877
0.99177	-0.458103
0.955862	-0.276596
1.10949	-0.594302
0.762599	-0.0445822
1.06293	-0.329186
0.939288	-0.275762
1.1085	-0.417705
0.971137	-0.268801
1.06366	-0.181365
0.941858	-0.201969
1.00161	-0.210136
0.988329	-0.282781
1.0137	-0.170182
1.03515	-0.410851
1.25294	-1.19849
1.31728	-1.29294
0.978707	-0.905965
0.900849	-0.833725
1.3684	-1.47156
1.3499	-1.19423
1.02876	-1.10795
1.20644	-1.54277
1.11598	-1.22218
0.158773	-0.033929
0.07782	-0.232448
0.14345	-0.0628086
0.291789	0.145253
0.362578	0.381583
0.584931	0.341628
0.597232	0.223273
0.577389	0.0840894
0.507627	-0.217429
0.974305	-0.818341
1.10223	-1.10544
1.24735	-1.14423
1.39757	-1.35686
1.29171	-1.20595
1.84521	-2.0629
2.02792	-2.4978
1.89431	-2.32306
1.92009	-2.19059
2.13411	-1.99322
2.14583	-2.05999
2.32475	-2.33221
2.07113	-1.72838
2.2309	-2.0503
1.68917	-1.2229
1.31514	-0.637195
1.69189	-1.26388
1.35862	-1.08842
0.89311	-1.39678
1.21152	-1.89084
1.18963	-1.80607
1.7187	-2.3638
2.00591	-2.63154
1.7617	-1.87198
1.72389	-1.57807
1.82304	-1.5383
1.76825	-1.36182
1.69178	-1.23129
1.54701	-0.888949
1.75568	-1.08509
1.46753	-0.650555
1.72076	-0.656988
1.67087	-0.65705
1.79563	-1.00787
1.71152	-1.45666
1.55601	-1.18289
1.14736	-0.585114
0.94465	-0.665913
1.17622	-1.03673
1.39579	-0.480435
1.06476	-0.165278
1.10566	-0.283872
1.18592	-0.411365
1.32202	-0.799339
1.50156	-1.04161
1.93516	-1.60798
2.43917	-2.70698
2.60816	-3.09905
2.39185	-2.65712
2.11119	-2.32557
1.6815	-1.77322
1.92773	-1.99159
1.82407	-1.91887
1.2522	-1.02406
0.717244	-0.47924
1.07468	-0.865255
0.856822	-0.398755
1.2227	-0.0135006
1.00481	-0.277022
0.552549	-0.445456
1.68088	-1.78285
1.23932	-1.13893
1.13082	-0.911681
1.70685	-1.31644
2.2065	-1.79366
2.19122	-1.85604
2.19402	-2.35555
2.29978	-2.3422
2.57798	-2.78517
2.54435	-2.78196
2.80974	-3.32649
2.70976	-3.09372
2.72476	-3.15338
2.98743	-3.40474
2.81148	-2.43311
2.50578	-1.88617
2.31884	-1.8198
2.41876	-2.27468
2.03841	-1.75431
1.51065	-1.1797
1.04559	-0.842166
0.899189	-0.908987
0.630177	-0.805242
0.39994	-0.881379
0.540704	-1.14089
0.344545	-0.984702
0.274161	-0.939967
0.248457	-0.915744
0.240169	-0.904783
0.217793	-0.921565
0.275661	-0.846763
0.325648	-0.882158
0.403546	-0.872735
0.834849	-1.17097
1.44241	-1.76084
1.58888	-1.74004
1.62261	-1.58829
1.91372	-1.83285
2.19263	-2.07182
2.74821	-2.58924
3.3105	-3.49849
2.48183	-2.53506
2.18042	-2.03473
2.00934	-1.86822
2.21709	-2.34678
1.76605	-1.91265
1.7513	-1.8463
1.51696	-1.58108
1.38162	-1.44227
1.2104	-1.19184
1.04434	-0.818118
1.32296	-1.18882
1.38903	-1.05613
1.05303	-0.537183
0.895881	-0.333273
1.0656	-0.391813
1.02682	-0.707856
0.994503	-0.872227
2.28637	-1.60448
2.13492	-1.45004
2.3199	-2.03976
2.6641	-2.52764
1.99693	-1.54404
2.36704	-2.22416
2.8385	-2.9948
3.10508	-3.09852
1.53079	-0.980421
1.88449	-1.28925
1.47436	-0.716066
1.29147	-0.728414
1.20456	-0.799977
1.05116	-0.629333
0.579652	0.1363
0.0927922	0.405994
-0.046029	0.562947
0.00827685	0.324194
0.639996	0.270858
0.628411	-0.279769
0.519358	-0.325141
0.813989	-0.182893
0.642607	-0.234236
0.70299	-0.369397
0.829061	-0.190239
1.12038	-0.358988
0.791374	-0.149413
0.896346	-0.274689
1.10658	-0.826509
1.33837	-1.21211
0.854797	-0.786081
1.04446	-0.995026
0.820611	-0.855757
0.383351	-0.56969
0.285565	-0.541062
-0.266984	-0.1856
0.0611066	-0.00260907
0.201039	0.273444
0.16234	0.457884
0.606339	0.504808
0.666641	0.691712
0.604594	0.537835
0.542711	0.656419
0.673451	0.702078
0.618266	0.174581
0.472415	-0.646485
0.700761	-1.08663
0.573127	-1.01343
0.608353	-1.08277
0.668408	-1.23329
0.801367	-1.38675
1.29	-1.63223
1.76474	-2.31191
1.90228	-2.26615
2.49009	-2.90505
1.50246	-1.21119
1.46756	-1.22894
1.61878	-1.16072
1.24863	-0.762209
1.24241	-0.76528
1.11207	-0.886287
1.14021	-0.893693
1.19525	-1.24018
1.07471	-0.924242
1.41259	-1.36165
2.92556	-3.6059
2.88738	-3.49602
2.76964	-3.24321
2.23272	-2.42321
1.78725	-1.88026
1.49345	-1.52374
1.22707	-1.31049
0.974341	-0.582921
1.82684	-1.32328
2.03961	-1.41622
1.6326	-1.30178
1.75919	-1.24874
1.88107	-1.08242
2.15297	-1.73233
1.89377	-1.44155
1.96139	-1.55335
1.43073	-1.07147
1.5032	-1.14296
1.26431	-0.918302
1.45395	-1.21214
1.11859	-1.00068
0.207992	0.0629703
0.336961	0.452576
0.378097	0.426873
0.386814	0.622183
0.767693	0.685196
0.685374	0.590424
0.588724	0.535563
0.408198	0.394695
0.384128	0.268968
0.475579	0.338526
0.586729	0.502497
0.223688	0.587388
0.0726747	0.356581
0.0752671	0.299566
0.174669	0.515831
0.00525437	0.578622
0.0237375	0.364188
0.290986	0.328651
0.520212	0.12709
0.801005	-0.0645351
0.942694	-0.409449
0.836176	-0.267186
0.839755	-0.269062
0.884634	-0.147928
1.27984	-0.919094
0.850625	-0.402199
1.0221	-0.566012
0.870278	-0.223224
0.830612	-0.207847
1.009	-0.350879
0.912777	-0.137011
1.17188	-0.227536
1.01657	-0.0116075
1.14014	-0.147055
0.960395	-0.10857
1.20448	-0.387018
1.08109	-0.315184
1.14949	-0.231376
1.26637	-0.329934
1.05712	-0.273001
1.10302	-0.173797
1.04023	-0.0917229
1.00502	-0.185885
1.20164	-0.494622
1.04976	-0.61224
1.30631	-0.459549
1.22076	-0.485073
0.935165	-0.472162
0.890798	-0.404233
0.357299	-0.158636
0.52022	-0.394991
0.789991	-0.458252
0.875418	-0.376341
0.790921	-0.382945
-0.475343	-0.91173
-0.439472	-0.982284
-0.254421	-0.994617
-0.423104	-1.0502
-0.173279	-0.942197
-0.284789	-0.915305
-0.332272	-0.926432
-0.238688	-0.905222
-0.113173	-1.01341
-0.293059	-0.842126
0.547734	-0.877192
0.695308	-0.586865
0.98479	-0.562621
0.982634	-0.706482
0.839809	-0.359177
0.792327	-0.387441
0.931467	0.127807
0.642796	-0.165598
-0.136647	-0.71121
0.411162	-1.16399
0.626331	-1.07148
0.762318	-0.964611
1.17032	-1.34131
1.29473	-1.34356
1.59847	-1.78977
1.66262	-1.93548
1.7173	-2.13601
1.38154	-1.7853
1.1036	-1.57816
0.694181	-1.32732
0.228988	-1.08076
0.157452	-0.831594
1.17668	-1.4657
2.04852	-2.14421
1.95318	-2.03024
1.73616	-1.93799
1.77865	-1.84561
1.10046	-1.34566
0.390956	-0.991759
0.2706	-0.937813
0.605919	-0.899596
0.987163	-0.985257
1.36345	-1.27855
1.133	-0.820676
1.55713	-1.37881
1.45649	-1.07428
1.41227	-0.895759
1.49293	-0.971176
1.23789	-0.715003
1.48902	-1.37381
2.26415	-2.76473
1.67205	-1.69192
0.486096	-0.387447
0.416112	-0.371202
0.575124	0.0693335
0.609315	0.182971
0.59317	0.226994
0.713389	0.260098
0.81954	-0.0968258
0.952644	-0.396138
1.27605	-0.95575
2.89515	-2.88729
2.54081	-2.3154
2.40143	-1.99766
2.76442	-2.35716
2.83777	-2.66982
3.03119	-3.08097
2.64529	-2.48591
2.23292	-1.89121
1.62429	-1.51602
2.24948	-2.57261
1.85951	-2.03206
1.85608	-2.13038
2.42955	-2.9997
2.82815	-3.5772
2.70502	-3.17926
2.63566	-3.19068
3.17503	-4.05036
3.19169	-3.97916
2.84361	-3.41262
1.81885	-1.73716
1.76806	-1.69853
1.57766	-1.69728
1.43971	-1.72585
1.26905	-1.67469
1.29196	-1.73981
1.81866	-2.07889
2.10749	-2.30516
2.40914	-2.62754
1.90007	-1.64845
1.77472	-1.29524
1.41551	-0.945789
0.438402	-0.215911
-0.200686	-0.252868
-0.342158	-0.245072
-0.23386	-0.0148078
0.0346107	0.205533
0.183929	0.531579
0.239077	0.2516
0.282088	0.0458184
0.632763	-0.505216
1.67122	-0.978529
1.55171	-0.773558
1.72424	-0.943724
2.18138	-1.69597
2.1432	-1.8934
2.41587	-2.75307
2.00353	-2.26173
2.03296	-2.39841
2.11519	-2.48895
2.57645	-3.10483
3.01579	-3.89056
2.92603	-3.68303
2.56863	-2.88868
3.03247	-3.58731
3.57694	-4.29124
3.42238	-3.87015
1.96169	-1.69425
0.410705	-0.254641
-0.142584	-0.240229
-0.0419291	-0.0605222
-0.070282	0.252441
0.325454	0.576052
0.285399	0.35308
0.571273	0.680461
0.694229	0.74094
0.821224	0.542734
0.607101	0.290827
0.607925	0.219265
1.31672	-0.636339
1.53046	-0.888151
1.80163	-0.663644
2.99982	-2.19548
2.91081	-2.65418
2.89071	-2.86464
2.84141	-3.24368
3.17639	-3.8324
3.19123	-3.82575
2.93662	-3.32027
2.97358	-3.40273
2.54072	-2.68077
1.93701	-1.77452
1.54979	-1.22656
1.37113	-1.04538
1.58917	-1.53417
1.08543	-0.719374
1.24051	-0.984559
0.84826	-0.105461
1.02347	0.120714
0.758415	-0.283099
0.682618	-0.258261
1.48055	-1.58804
1.40101	-1.47389
0.76984	-1.05598
1.3204	-1.37064
1.14645	-1.18725
1.48702	-1.48247
1.73687	-1.73964
1.89188	-1.97834
2.0319	-2.21534
1.87542	-2.07683
1.77229	-1.9233
1.94357	-2.08877
2.03876	-2.23687
2.03422	-2.19735
2.31822	-2.53541
2.5952	-2.62373
1.94809	-1.67928
1.57373	-1.33481
2.1937	-2.06543
1.75982	-1.56255
2.04067	-1.69744
2.20963	-2.19542
1.48702	-1.53247
0.902448	-1.55066
0.011825	-0.655062
-0.037375	-0.773684
0.202227	-0.845378
0.0473179	-0.621996
0.0668948	-0.784931
0.0812587	-0.818485
0.348579	-0.540395
0.506746	-0.708434
0.0493804	-0.118663
-0.058442	-0.0766159
0.209921	0.0329596
-0.0337324	0.068009
-0.239121	0.0876161
-0.15995	0.251721
0.0736566	0.137145
0.111398	0.116141
0.366415	0.249062
0.25793	0.332581
0.193177	0.188661
0.244861	0.193819
-0.0990997	0.269491
-0.109743	0.247877
0.116497	0.287435
0.199483	-0.0582495
0.351852	-0.0459411
0.536165	-0.0861283
0.946246	-0.515017
0.653909	-0.171563
0.983778	-0.54577
0.930606	-0.44562
0.989623	-0.429767
1.00625	-0.384338
1.30679	-0.836996
0.850766	-0.489103
0.863611	-0.549308
1.04454	-0.436747
1.09261	-0.391678
0.8531	-0.432499
0.93259	-0.370486
0.813918	-0.243464
1.08625	-0.394835
1.00228	-0.326248
0.840523	0.0558477
1.16865	-0.214602
1.01969	-0.0770306
1.04777	-0.337088
0.56856	0.146721
0.435898	0.384955
0.426764	0.393886
0.386155	0.266508
0.526688	0.536378
0.68382	0.474952
0.61868	0.464027
0.457787	0.325907
0.296848	-0.0286795
0.401467	-0.80116
0.600607	-1.0236
0.826632	-1.33031
0.650273	-1.20753
0.537488	-1.15394
0.800182	-1.44044
0.255622	-0.860763
0.0642242	-0.612742
-0.0364492	-0.61915
0.148275	-0.152058
0.368969	0.124632
0.456225	0.260434
0.500435	0.425704
0.741856	0.456012
0.623712	0.422493
0.718182	0.366309
1.01104	0.399729
0.621444	-0.0194171
1.12268	-0.909977
1.60743	-1.35326
2.43327	-2.2387
2.56004	-2.49264
2.36594	-2.24833
1.74106	-1.19833
1.83383	-1.32339
1.6874	-1.0968
1.71536	-1.11658
1.97388	-1.5092
2.08879	-1.7414
2.09734	-1.77943
1.99007	-1.58852
1.95623	-1.6062
1.82291	-1.43994
1.6516	-1.31351
1.48451	-1.23796
1.36265	-1.12756
1.85862	-1.75973
2.07201	-2.37851
1.97465	-2.17454
1.67061	-1.57269
1.99132	-1.7216
2.29965	-2.14684
2.14219	-1.85213
1.52748	-0.923459
1.43157	-1.05032
1.69419	-1.55751
1.28083	-1.18475
0.192412	0.0637185
0.00717233	0.223051
0.314134	0.132652
0.484126	0.418181
0.39226	0.39527
0.373781	0.418464
0.726068	0.524926
0.848314	0.37578
0.643816	0.243689
0.611708	-0.222599
1.64384	-1.63137
0.843906	-0.411588
0.967692	-0.375275
0.794888	-0.07883
0.759337	-0.100849
0.930348	-0.31456
1.21686	-0.549787
1.00586	-0.192322
0.900296	-0.175877
1.02975	-0.276613
1.36096	-1.00516
1.25845	-1.05941
1.72095	-1.1416
2.51116	-2.41028
2.35877	-2.3722
2.22424	-2.02749
2.12454	-1.88716
2.6397	-2.92009
2.78107	-3.52018
2.47218	-3.02983
2.62002	-3.32845
2.55938	-3.11109
2.55522	-3.0671
2.31766	-2.48172
2.1657	-2.21026
2.48194	-2.75441
2.62013	-2.80684
3.03647	-3.79237
2.60158	-2.96991
3.00435	-3.39765
2.99318	-3.57582
2.48054	-2.85128
2.14753	-2.20651
1.73703	-1.65265
1.46838	-1.42138
1.33093	-1.28098
1.2179	-1.17445
1.21258	-1.18412
1.14429	-1.14275
1.13677	-1.14364
1.19693	-1.20865
1.27166	-1.29896
1.36015	-1.39211
1.67717	-1.77149
1.9651	-2.15241
2.66356	-2.94725
1.94262	-1.6201
1.55121	-1.08267
1.72326	-1.76799
1.0138	-0.71962
0.345233	-0.0892305
0.194286	0.0272228
0.358111	0.116692
0.505612	0.187535
0.286832	0.269216
0.405163	0.490349
0.414972	0.234548
0.514106	0.468997
0.51276	0.592749
0.581777	0.529402
0.246787	0.26029
0.320397	0.0681716
1.0615	-0.415196
1.24132	-0.418748
0.928551	-0.164124
1.02407	-0.239357
0.908233	-0.172304
0.880526	-0.111656
0.864318	-0.155085
1.01375	-0.185179
0.93293	-0.12558
1.06949	-1.07894
1.18808	-1.56397
0.96406	-0.69118
0.840491	-0.878957
0.599713	-0.825517
1.59234	-1.73305
1.9326	-1.67022
1.86151	-1.36572
1.53148	-0.834177
2.17752	-1.61248
2.61914	-2.07831
1.96719	-1.45412
1.79823	-1.06586
1.39931	-0.67926
0.929146	-0.409202
0.96168	-0.486152
0.779811	-0.506135
0.976822	-0.84443
0.825052	-0.981048
0.775491	-1.13134
0.626176	-1.06941
0.457489	-0.971875
0.465216	-0.855809
0.461834	-0.771646
1.04158	-1.05466
1.28788	-1.10388
1.33418	-0.995741
1.08639	-1.131
1.05435	-0.815123
1.32986	-1.17608
1.40652	-1.1242
1.20125	-1.09347
1.19932	-1.1793
0.896678	-0.897221
0.916259	-0.763333
0.763165	-0.753242
0.541401	-0.927468
0.306634	-0.902653
0.350337	-1.08146
0.283057	-1.04602
0.172208	-1.0586
0.173897	-1.07529
0.212068	-1.05359
0.208897	-1.04943
0.148852	-1.05479
0.132974	-1.09144
0.165433	-1.07414
0.270055	-1.10103
0.359539	-1.06177
0.445704	-1.01803
0.653906	-1.12571
0.839357	-1.14895
1.11548	-1.27576
1.22934	-1.27019
1.44752	-1.32574
1.63015	-1.47984
2.38539	-2.41509
1.78622	-1.50955
1.78165	-1.58582
2.07786	-1.80926
2.40806	-2.09538
2.03373	-1.92502
1.69598	-1.53697
1.37312	-1.06093
0.600789	-0.574949
0.480223	-0.0246818
0.720384	-0.103458
0.8061	0.206149
0.644324	0.404236
0.678945	0.416746
0.522785	0.409055
0.558476	0.507417
0.591621	0.476538
0.618499	0.635608
0.373099	0.158859
0.164649	0.0252982
0.251016	0.309179
0.249039	0.479822
0.27786	0.610773
0.513731	0.804002
0.566413	0.493466
0.803672	-0.0798861
0.722149	-0.11078
0.940476	-0.267177
0.975571	-0.236807
0.755009	-0.0751194
1.01723	-0.468248
0.78755	-0.194443
0.887386	-0.30916
1.01735	-0.308348
1.15293	-0.292293
1.15092	-0.374465
0.822539	0.0948094
1.05094	0.0854097
1.016	0.0142327
0.986616	0.123372
1.07932	0.261791
1.15878	-0.0233811
0.863487	-0.874125
0.991086	-0.956681
1.22997	-1.22258
0.932852	-0.91709
0.884275	-0.927388
0.848732	-0.99379
0.736337	-0.983677
0.772562	-1.13553
0.669483	-1.01871
0.641789	-0.957237
0.756279	-1.05698
0.913716	-1.13493
0.98267	-1.11735
1.18583	-1.23864
1.42285	-1.45607
1.76136	-1.7963
1.90044	-1.80572
2.28452	-2.21371
3.1021	-3.84389
2.66785	-2.95744
2.86852	-3.27787
2.6698	-3.04696
2.51959	-2.61724
2.67137	-2.96204
1.69492	-1.27657
1.53242	-1.06004
1.98041	-1.61785
2.19381	-2.00164
2.43245	-2.23888
2.34684	-2.11437
2.42329	-2.21183
2.56993	-2.5908
2.30565	-2.22621
2.29361	-2.20248
2.15791	-1.94359
2.19663	-1.8963
2.61299	-2.44028
3.20103	-3.29785
3.09752	-3.65021
2.65391	-3.16317
2.21228	-2.18859
2.27396	-2.32471
2.02041	-1.93087
1.84182	-1.70186
2.13442	-2.20881
0.468284	-0.393217
0.368474	-0.126145
0.124457	0.281956
0.357014	0.210534
0.64373	0.267929
0.345284	0.224615
0.3993	0.209761
0.327899	0.155841
1.14264	-0.719492
1.26263	-1.02096
1.60557	-1.411
2.30493	-2.02205
2.37731	-1.85632
1.94114	-1.5099
2.03287	-1.59456
1.90522	-1.42117
1.75308	-1.20115
1.80173	-1.29273
1.82632	-1.39683
1.77472	-1.26676
2.16148	-1.79098
2.01662	-1.38785
1.64405	-1.13813
1.57261	-1.20919
1.20309	-0.433705
1.21115	-0.622546
0.80396	-0.0992359
0.665343	-0.392228
1.54909	-1.0768
1.7059	-0.990615
1.76398	-1.27011
2.11522	-1.58327
1.75219	-1.23096
2.12839	-1.78788
2.4213	-2.11458
2.24623	-2.08731
2.0248	-1.60924
1.57113	-1.01812
1.43651	-0.889701
1.6041	-1.21962
0.058388	0.00639596
0.0238216	0.0912815
-0.337249	0.0791973
-0.186668	-0.368801
-0.285022	-0.152309
-0.197424	-0.179088
0.380966	-0.146978
1.46247	-1.2149
1.69505	-1.40621
1.5479	-1.18095
1.38321	-1.00682
1.96068	-2.01569
2.5239	-2.92182
2.1115	-2.39638
2.22315	-2.74036
2.44352	-3.06696
2.59836	-3.22087
2.2077	-2.22985
1.88489	-1.31975
2.80369	-2.44945
2.45472	-1.91627
2.62689	-2.33975
2.39684	-2.1387
1.9654	-2.4729
2.01396	-2.51784
2.20438	-2.87384
1.95328	-2.36796
1.46322	-1.78003
1.43612	-1.41847
1.33039	-0.967983
1.27078	-1.00547
0.447689	0.0261822
0.72359	-0.0618041
1.02772	-0.519593
0.988342	-0.50209
1.44325	-0.835366
1.49457	-0.973561
1.83605	-1.22013
1.63651	-1.06443
1.7451	-1.12289
1.44386	-0.668091
1.25118	-0.419871
1.112	-0.9643
1.41967	-1.28914
1.23703	-0.881093
1.21679	-0.804833
0.788868	-0.116869
1.08284	-0.306987
0.916975	-0.448759
0.763051	-0.163946
1.45919	-1.09023
2.12705	-1.49895
2.47434	-1.87171
2.30897	-1.56112
2.37252	-1.92418
2.87036	-2.97894
2.69566	-2.83117
2.65827	-2.8281
2.59333	-2.66563
2.61294	-2.65736
2.15545	-2.19386
2.0292	-2.0944
1.89707	-1.85955
1.65006	-1.51532
1.65077	-1.45417
0.839458	-0.814491
0.758953	-0.443764
0.396254	-0.57655
0.258584	-0.817947
0.504326	-1.02413
0.719361	-1.22685
0.718784	-1.09513
0.261831	-1.1364
0.279119	-1.24885
0.267789	-1.23635
0.45212	-1.46126
0.209624	-1.18912
0.238508	-1.10955
0.27186	-1.21702
0.466102	-1.32279
0.584255	-1.47321
0.590369	-1.34928
0.612437	-1.22842
0.924765	-1.27433
0.98313	-1.34049
1.28598	-1.3633
1.74624	-1.56934
1.97641	-1.59742
1.87816	-1.51048
1.92818	-1.46019
2.25706	-1.79424
2.46734	-1.84117
2.05734	-1.25724
1.92354	-1.26163
1.71951	-1.1156
1.7664	-1.14015
1.32669	-0.776571
1.4353	-0.599784
1.28161	-0.515949
1.18095	-0.47702
1.1049	-0.444351
1.27913	-0.826084
1.01813	-0.297986
1.18234	-0.453079
1.12926	-0.328502
0.942994	-0.189989
0.931972	-0.350382
1.15285	-0.285649
1.02975	-0.136629
1.01796	-0.235657
0.950293	-0.357255
1.167	-0.158313
1.09019	-0.231642
1.03297	-0.253362
1.13031	-0.379729
0.838844	0.00531899
0.683879	0.0796201
0.822796	-0.118317
0.889499	-0.197031
1.0217	-0.291878
0.905146	-0.321426
1.31771	-0.82136
0.976494	-0.506199
0.657312	-0.470853
0.832061	-0.675213
1.81141	-1.59626
1.85465	-1.89345
2.39738	-2.69905
1.23416	-1.33682
1.9037	-1.79187
2.73726	-2.7933
2.38531	-2.23954
2.04305	-1.60453
2.26103	-1.75717
2.46992	-2.04919
2.04479	-1.50486
1.68901	-1.25643
0.172028	-0.187222
0.0663292	0.052615
-0.147262	0.344777
0.143037	0.517875
0.488796	0.695243
0.528136	0.7154
0.481224	0.478996
0.380869	0.368679
1.11545	-0.676295
1.94784	-1.47486
2.14286	-1.54205
2.00248	-1.47072
2.70828	-2.59102
3.51952	-3.73817
3.59084	-3.86244
2.26905	-1.84141
1.83373	-1.50787
1.71594	-1.24037
1.81595	-1.30368
1.81852	-1.06192
1.53663	-0.63935
1.39529	-1.05215
1.13233	-0.735912
1.20835	-0.865831
1.25543	-1.14988
0.77921	-0.380254
0.843245	-0.816034
1.86015	-1.57087
1.83027	-0.948746
2.16932	-1.39442
2.49012	-1.77108
2.16714	-1.36242
2.39425	-1.83792
2.27624	-1.5878
2.95478	-2.54527
3.03298	-2.65259
2.80279	-2.13758
1.78914	-1.03079
2.5245	-1.93382
2.61002	-1.78486
2.81482	-2.33037
2.63177	-2.1059
3.93574	-4.71129
2.81239	-2.93053
2.55258	-2.59308
2.39307	-2.37207
2.29926	-2.33372
0.6683	-0.31067
-0.0366377	-0.0546306
0.216313	-0.183974
0.0364984	0.11443
0.285096	0.364976
0.57063	0.56344
0.649644	0.441741
0.575129	0.139948
0.551626	-0.0749665
1.18888	-0.912689
1.78325	-1.04661
1.36504	-0.85505
1.57332	-1.04225
2.32118	-1.95814
2.28817	-1.80393
0.952138	-0.475306
0.461566	-0.337495
0.451224	-0.0941819
0.173898	0.221673
0.79186	-0.395981
1.23166	-0.990284
0.960149	-0.727217
0.836442	-0.58552
0.912895	-0.305782
1.15131	-0.43417
1.01204	-0.357841
0.904422	-0.283328
1.13283	-0.570224
1.08593	-0.873526
2.07498	-1.89726
1.863	-1.5639
1.95707	-1.7491
1.95378	-1.78811
1.85927	-1.76798
1.66617	-1.76216
1.31244	-1.3618
1.08409	-1.23338
0.745499	-0.919876
0.66931	-0.60564
0.672308	-0.77339
0.963224	-0.888771
0.875937	-0.531612
0.707587	-0.0918039
0.342378	0.216509
0.42328	0.0973064
0.447096	0.237441
0.269321	-0.0568912
1.53736	-1.40086
1.31229	-0.81774
1.43536	-1.05771
1.46297	-0.944896
1.96341	-1.42806
2.11377	-1.68281
2.00287	-1.41953
2.17483	-1.5139
1.853	-1.08935
1.83726	-1.22041
1.607	-1.20671
1.2061	-0.837271
1.22464	-0.879331
1.1057	-0.618345
0.987926	-0.455133
0.816879	-0.443288
1.30273	-0.767792
1.43554	-1.09229
0.912419	-0.961345
1.27101	-1.00261
2.6475	-3.07667
2.84726	-3.45797
1.68687	-1.81399
2.72011	-3.31768
2.33714	-2.63344
2.18407	-2.37982
1.81188	-1.92408
2.12453	-2.37074
2.08756	-2.33555
1.98719	-2.2009
2.35653	-2.69442
2.28485	-2.70361
2.46542	-2.96899
2.34467	-2.68361
2.73596	-3.17152
2.57346	-2.89481
2.66127	-3.09503
2.33888	-2.61254
2.21421	-2.40489
2.41082	-2.53042
2.5015	-2.48688
1.99974	-2.21147
1.15169	-1.6599
0.643567	-1.50429
0.498821	-1.4716
0.346738	-1.20767
0.181529	-1.01955
0.429922	-1.07725
0.343877	-1.14732
0.342915	-1.07245
0.451483	-1.0009
0.801899	-0.988707
0.622549	-0.672995
0.129486	-0.107968
0.16241	0.058675
0.277041	0.340038
0.330307	0.337789
0.426644	0.649207
0.362605	0.528422
0.267029	0.187096
0.565718	0.446056
0.399986	0.548753
0.534208	0.64576
0.503148	0.546023
0.388284	0.555645
0.423134	0.175002
0.313793	-0.0178728
0.441481	0.372403
0.237507	0.421006
0.403902	0.357379
0.539543	0.637294
0.348549	0.294348
0.47606	0.457317
0.786528	0.146105
0.687394	-0.083724
0.880054	-0.0745519
0.859273	-0.14648
1.00807	-0.230756
1.11751	-0.420578
1.11813	-0.336932
1.46103	-1.03147
2.93919	-3.09512
3.46343	-3.9139
3.52309	-3.98158
2.83492	-3.03584
3.07776	-3.53795
2.78647	-3.04122
2.53068	-2.63812
2.22467	-2.24043
1.82674	-1.25609
1.23553	-1.13134
1.27974	-0.495371
1.10832	-0.955501
3.05942	-2.85722
1.84595	-1.22319
1.31373	-0.566056
2.48931	-1.69937
3.10291	-2.76054
3.32567	-3.32341
2.74634	-2.32298
3.61356	-3.74936
3.26056	-3.32829
2.96077	-2.71394
3.26196	-3.2627
2.83292	-3.07326
2.78538	-3.51489
2.42868	-2.89332
2.03859	-2.32071
2.14382	-2.47819
2.4408	-2.59763
2.85627	-2.89717
2.22109	-1.51994
2.55886	-1.91169
2.13455	-1.38449
1.99639	-1.16249
1.75722	-0.91534
1.65908	-0.904748
1.57253	-0.711028
1.3332	-0.482734
1.24234	-0.476502
1.1867	-0.404267
1.1921	-0.575597
1.10196	-0.469309
1.03456	-0.309227
1.16065	-0.424259
1.10679	-0.369703
1.2674	-0.520635
1.13342	-0.386212
1.37832	-0.71252
1.61909	-0.865215
1.6054	-0.709843
1.95202	-0.926661
2.01798	-0.99384
2.31871	-1.3869
2.24616	-1.26943
2.39355	-1.58412
2.1803	-1.16653
3.37439	-3.30764
2.23037	-2.35182
2.68214	-3.37256
2.37055	-2.86662
2.60027	-3.30255
2.22681	-2.7822
2.26411	-2.81906
1.94903	-2.21723
1.95372	-2.12385
1.76134	-1.83322
1.53002	-1.30202
0.993523	-0.972053
1.07961	-0.746837
1.24522	-1.01337
2.44245	-2.37321
1.80334	-1.3096
0.302035	-0.41256
0.353526	-0.73308
-0.102165	-0.947289
1.06879	-0.82658
2.49025	-2.53897
2.81927	-2.94799
2.43823	-2.21296
3.01437	-2.86204
3.35487	-3.39215
3.25919	-3.22267
3.23742	-3.07289
3.07715	-3.80644
2.41379	-2.61906
2.85035	-3.48
2.56448	-2.96381
3.25408	-3.81915
2.6693	-2.08606
3.44476	-3.29749
3.33601	-3.34498
2.74232	-2.65458
2.34307	-1.97482
2.19928	-1.6372
1.95346	-1.53391
2.07203	-1.8875
1.44259	-1.14853
1.02457	-0.731207
1.08668	-0.826411
1.19812	-0.499887
1.3029	-0.52367
0.837728	-0.60359
1.47228	-1.61835
1.51643	-1.43054
1.67115	-1.30621
2.44626	-2.63785
2.85917	-3.31846
1.5305	-1.374
1.36013	-1.1121
1.45479	-1.16078
1.51526	-1.3934
1.14378	-0.786735
0.934522	-0.398989
1.28225	-0.980057
0.997876	-0.782836
1.11831	-0.958012
0.134321	-0.171831
0.251306	-0.0690115
0.157921	-0.20118
0.101032	-0.147195
-0.0761884	-0.767258
-0.0953545	-0.922885
0.4513	-0.979376
1.81406	-2.2653
2.14415	-2.57107
2.41263	-2.74039
2.62346	-2.89476
2.20545	-1.77324
2.24628	-1.92296
2.02238	-1.63525
2.12313	-1.59118
2.34291	-1.76278
2.27708	-1.2211
1.92079	-1.14281
2.32121	-1.20924
2.06225	-1.3734
1.87097	-1.41124
1.38392	-0.753278
1.08425	-0.672586
0.712891	-0.328276
0.670073	-0.218456
0.940757	-0.265844
1.05683	-0.514962
0.929678	-0.359484
1.01392	-0.320578
1.18114	-0.601172
0.994494	-0.321141
0.915131	-0.0614376
1.05507	-0.0546874
1.12182	-0.224171
0.771637	0.0384791
0.781864	-0.0270429
0.815278	-0.140415
1.10196	-0.570212
1.28828	-0.813518
1.09088	-0.455314
1.08873	-0.433816
1.08325	-0.271746
0.995515	-0.281537
0.850749	-0.131215
0.989029	-0.310818
0.870638	-0.213569
1.0814	-0.401195
1.00818	-0.378333
1.10453	-0.222575
0.979098	-0.200179
0.819492	0.0176291
0.942219	-0.246318
1.05165	-0.190099
0.91854	-0.2145
0.98143	-0.325276
0.872818	-0.469575
0.91562	-0.61591
1.64274	-1.36057
1.60151	-1.15387
2.79118	-2.80001
3.00966	-3.04228
2.94753	-2.85166
2.94648	-2.93724
2.28093	-1.84066
2.05124	-1.48436
1.98123	-1.43953
1.75984	-1.1974
1.76567	-1.13531
1.42211	-0.711817
1.35747	-0.707343
0.986575	-0.343785
1.11844	-0.500213
1.00368	-0.327831
0.933908	-0.321194
0.693022	-0.190464
0.468208	-0.0451728
0.376843	0.0111873
0.448052	-0.0839617
0.614794	-0.31703
0.705629	-0.418581
0.786416	-0.648312
0.730623	-0.793612
0.592217	-0.848471
0.519121	-0.874605
0.455828	-0.873325
0.451854	-0.935821
0.523468	-0.931918
0.660655	-0.970092
0.918303	-1.12398
1.32518	-1.48942
1.94811	-2.27501
2.41126	-2.81541
2.09543	-2.3395
2.15694	-2.39247
1.63514	-1.42322
2.3684	-2.41394
2.12237	-2.25884
2.36826	-2.68791
1.98999	-2.31498
2.07994	-2.35217
2.57051	-2.98401
2.57162	-3.13778
1.97742	-1.64839
2.90586	-2.39678
2.52756	-1.82513
2.39896	-1.62879
2.41383	-1.67024
2.0552	-1.16876
2.04248	-1.21651
1.7382	-0.898472
1.70958	-1.02553
1.79388	-1.16154
1.57708	-0.817796
1.3794	-0.524032
0.995013	-0.299478
0.587399	-0.342907
0.448952	-0.364327
-0.451844	0.115454
-0.201676	0.179327
0.00106625	0.206155
0.340969	0.110541
0.559307	0.365883
0.563256	0.195976
0.681561	0.475437
0.525779	-0.111765
0.693652	-0.201684
0.834224	-0.504627
1.56868	-1.34814
2.44179	-2.49963
2.24425	-2.38997
2.63201	-3.18832
2.53893	-3.08907
2.28932	-2.79546
2.42974	-2.92614
2.31019	-2.52924
2.08099	-2.10402
1.57216	-1.43548
0.978451	-0.589536
0.982735	-0.796503
0.907388	-0.571834
0.958546	-0.60814
0.776323	-0.554065
2.94861	-2.70281
1.54177	-0.520672
1.50821	-0.45373
1.57073	-0.623939
1.70965	-0.882492
1.35539	-0.810763
0.128677	0.263617
-0.119893	0.0931883
-0.0967338	0.148466
0.0585486	0.297738
0.350396	0.263836
0.546554	0.20691
0.811454	-0.17465
1.0123	-0.449064
1.21656	-1.07776
2.19241	-2.18196
3.38191	-3.66301
2.68276	-2.27309
2.91397	-2.84661
2.36371	-2.18903
2.04321	-1.94839
1.53449	-1.35372
1.25853	-0.970886
0.953353	-0.519134
0.793645	-0.450745
1.12681	-0.560446
1.10895	-0.523938
1.01193	-0.558396
1.46678	-1.33711
1.43629	-1.14807
1.30552	-1.29968
1.50514	-1.53091
2.11202	-2.33809
1.87475	-1.91986
2.21336	-2.41213
2.70965	-2.95716
2.85977	-3.26172
2.33249	-2.41425
2.52346	-2.92405
2.64478	-3.28032
2.45218	-2.79432
2.33262	-2.53488
2.28773	-2.28799
1.1815	-1.09736
0.445307	-0.498176
-0.176122	0.176024
-0.0437628	-0.0840693
-0.242935	0.26127
0.174051	-0.0571193
0.127643	0.328534
0.51072	0.385338
0.582222	-0.0695973
0.633067	-0.265993
0.51466	-0.553564
2.16669	-1.88207
2.40746	-1.98733
2.93069	-2.5861
2.66212	-1.84761
2.56289	-1.67014
2.36592	-1.43763
2.3244	-1.30784
2.19206	-1.26496
2.55712	-1.86045
1.30244	-0.713331
0.330156	-0.193739
0.0554116	0.283999
0.346092	0.576806
0.582593	0.810446
0.607555	0.774907
1.22495	1.24415
1.05523	0.727759
1.03305	0.618185
1.3607	0.858258
0.958606	0.401986
1.19579	0.371325
0.96656	-0.362228
1.23057	-0.723623
1.31675	-1.05464
1.10708	-1.04647
1.16254	-0.854471
1.01444	-0.540154
1.2996	-0.47583
1.78466	-1.1272
2.54834	-2.13578
2.42141	-2.03919
3.01554	-2.77156
3.1441	-3.10813
2.96676	-2.77013
2.45424	-2.07186
2.36478	-1.96923
2.17043	-1.53425
2.14474	-1.41982
2.5609	-2.13723
2.60221	-1.91632
2.47901	-1.71279
2.23908	-1.32882
2.69677	-2.16377
2.13249	-1.62813
2.31114	-2.16067
2.01462	-1.73906
1.72625	-1.88665
1.84506	-2.0831
1.68617	-2.02716
1.79592	-1.75688
1.50754	-1.0624
1.86959	-1.77019
1.64678	-1.74021
1.50823	-1.76005
1.28202	-1.31755
1.4837	-1.527
1.37168	-1.2818
0.965812	0.186144
0.876133	0.0182876
1.15565	-0.219536
1.14928	-0.153518
1.37369	-1.23878
1.93124	-1.76357
2.54922	-2.63496
2.30765	-2.14473
2.47325	-2.43969
2.32198	-1.99516
1.77283	-1.46821
2.15563	-2.49701
2.17429	-2.52316
1.94374	-2.10937
0.92808	-0.775578
1.44914	-1.31852
2.24293	-1.89455
2.66864	-2.18613
2.88848	-2.79069
2.99671	-2.91082
2.15028	-1.64339
1.50094	-1.21034
2.54918	-2.65069
2.90628	-3.11427
2.05577	-1.86865
1.50134	-1.08134
1.32113	-0.849651
1.20535	-0.870957
0.893662	-0.410434
0.740457	-0.0695645
1.00225	-0.17363
0.947433	-0.28484
0.72554	-0.321018
0.495779	0.188854
1.17892	-0.4975
1.60066	-0.834679
1.57005	-0.878125
1.39185	-0.67365
1.4679	-0.975347
1.37177	-0.983091
-0.390606	0.138809
-0.354941	0.0311775
-0.0863427	0.196749
0.0352135	0.407398
0.12617	0.409087
-0.0955542	0.2809
0.87463	-0.517927
1.19199	-0.654344
1.48385	-0.807002
1.45807	-0.972407
1.29166	-0.642123
1.16409	-0.586138
1.22672	-0.919046
1.18583	-0.867939
1.13205	-0.720646
1.53537	-0.983313
2.18024	-1.62463
2.15475	-1.48185
2.24201	-1.80543
2.34988	-2.2108
2.61642	-2.72115
2.2178	-2.04107
2.14326	-2.04707
3.29167	-3.83007
3.5742	-4.24516
2.3945	-2.0608
1.52885	-1.11171
1.30994	-0.995965
1.40149	-1.25295
1.0536	-0.808578
1.0019	-0.546018
0.96515	-0.57398
1.05415	-0.713726
0.948721	-0.544531
1.45453	-0.963351
1.8672	-1.13386
1.51722	-0.786045
2.08463	-1.68699
2.07567	-1.80637
1.10953	-0.625108
1.01711	-0.680052
1.27586	-1.12443
0.789738	-0.612263
0.837947	-0.348416
0.909052	-0.0255815
0.821515	-0.106019
0.734432	-0.326039
1.19813	-0.968637
2.48358	-2.64865
2.83184	-3.32581
2.25557	-2.48244
2.61196	-3.10045
2.37914	-2.74024
2.6009	-3.07551
2.65191	-3.08808
2.84448	-3.43648
2.48262	-3.16942
1.97242	-2.3908
2.15207	-2.49508
1.79767	-1.72754
1.4825	-1.30513
0.482161	-0.559709
0.585534	-0.19875
0.503847	-0.122342
0.41008	0.063201
0.54617	0.544501
0.480957	0.402628
0.403561	-0.227116
1.19469	-0.76039
1.33892	-1.10185
1.54164	-1.33253
1.51385	-1.03245
2.29756	-1.8123
2.45573	-2.01098
2.90494	-2.88728
2.47309	-2.29367
2.19814	-1.87521
2.37801	-2.24214
2.00343	-1.66752
1.90542	-1.62815
1.515	-1.192
1.37693	-1.19875
1.0111	-1.05514
0.603301	-0.958412
0.337198	-0.955088
0.430327	-0.841946
2.51291	-3.12198
2.5292	-3.09086
2.21415	-2.54586
2.20662	-2.53675
2.11633	-2.46538
1.24669	-1.16747
1.07377	-0.966845
1.09922	-0.845435
0.966296	-0.797276
0.744378	-0.0159129
1.04627	-0.343646
1.60343	-1.4029
1.97314	-1.68676
1.86726	-1.24253
1.93356	-1.27274
2.36711	-1.87036
2.9045	-2.89665
2.99429	-3.43571
1.71701	-1.7823
2.29667	-2.66881
3.04426	-3.72531
3.22227	-3.69583
2.96358	-2.97781
2.61523	-2.32788
2.39287	-2.08588
2.22796	-1.96056
2.15603	-1.83644
1.9194	-1.56246
1.95571	-1.56738
2.30904	-1.92078
2.62354	-2.36215
2.35403	-1.93351
2.09708	-1.54899
2.33608	-2.00817
2.40915	-2.15633
3.1915	-3.36625
2.86835	-3.29801
2.45455	-3.07023
2.63713	-3.42386
2.40433	-2.99677
2.15877	-2.47284
0.72835	-0.867819
0.337051	-0.788408
-0.0458613	-0.825969
-0.0975932	-0.864655
-0.145165	-0.982146
-0.0888676	-1.02536
0.0820359	-1.05907
0.371565	-1.06988
0.883278	-1.32713
1.26942	-1.47472
1.79429	-1.86226
2.13819	-2.04682
2.0698	-1.71072
2.46144	-2.09551
3.02947	-2.98332
2.43892	-2.43556
2.44367	-2.6433
1.41565	-1.37668
2.33347	-2.56653
1.8589	-1.77592
1.59898	-1.17903
1.45616	-0.846721
1.60764	-0.966861
1.45997	-0.697362
1.45562	-0.562084
1.43422	-0.606012
1.67674	-1.08058
2.02107	-1.70046
2.05364	-1.91267
2.41139	-2.37303
2.7815	-2.96272
2.26503	-2.68711
2.29012	-2.7911
2.11902	-2.68961
2.02573	-2.47536
2.16335	-2.67457
1.63405	-1.93479
0.620376	-0.792498
-0.0418436	-0.646716
-0.0635069	-0.929773
0.144258	-1.10628
0.32286	-1.08412
0.482866	-1.0433
0.673208	-0.99201
0.870062	-1.02725
1.142	-1.15336
1.53567	-1.43396
1.74598	-1.42854
1.04183	-0.332264
0.465235	-0.420199
0.0811255	-0.226599
0.26151	0.0759948
0.214508	0.0758394
0.323587	0.273409
0.616955	0.541382
0.588306	0.647973
0.678861	0.552922
0.580466	0.305358
0.678023	-0.000580696
0.736327	-0.183177
0.837791	-0.392889
1.37452	-1.03773
1.75933	-1.55068
1.56611	-1.6453
0.807943	-0.617947
0.953171	-0.714899
1.16915	-0.872595
1.65293	-1.42941
1.56212	-1.59322
1.43903	-1.56132
1.13167	-1.33712
1.29454	-1.68017
1.22118	-1.86536
0.781183	-1.38802
0.719728	-1.29148
0.774192	-1.37131
0.762583	-1.30276
0.959999	-1.40908
1.40022	-1.87374
1.52653	-1.75126
1.71636	-1.92367
1.56676	-1.51076
1.1208	-0.98138
1.24188	-0.802041
1.31341	-1.01413
1.11156	-1.19428
0.782021	-0.785623
1.06177	-0.767846
0.665453	-0.261593
0.995772	0.304338
0.908533	-0.641735
0.651831	-0.492207
0.741399	-0.610616
0.530006	-1.02557
0.736703	-1.15865
0.272544	-1.02377
0.689163	-1.3479
0.642824	-1.22471
0.905436	-1.12038
1.43257	-1.12459
0.763488	-0.526903
1.19318	-0.653761
0.929237	-0.207973
0.851798	-0.250587
0.945112	-0.395047
1.44504	-1.31645
1.4239	-1.02444
0.931676	-0.0598381
1.32551	-0.568556
1.91379	-1.57275
1.95906	-1.57085
1.90181	-1.50031
2.16257	-1.64205
1.78603	-1.20628
2.12864	-1.53689
1.76942	-1.07918
2.05113	-1.44138
1.68604	-0.97304
1.55477	-0.773603
1.24566	-0.601292
1.20269	-0.578779
1.27719	-0.763541
1.25734	-0.528933
0.737744	-0.096215
0.936557	-0.288514
1.08902	-0.415911
1.0865	-0.337195
0.86929	-0.297831
