3.02003	0.77141
2.7643	0.74851
2.62048	0.796995
2.59498	0.591691
2.63105	0.724773
2.54935	0.692822
2.58362	0.505631
2.79738	0.547957
2.67036	0.83361
2.60303	0.507446
2.54176	0.683148
2.73455	0.787709
3.21632	1.38981
3.70882	1.5089
3.88944	1.68401
4.96191	2.01683
6.0057	1.5444
6.22272	1.49019
6.20848	1.44591
5.8166	1.60283
5.10511	1.64233
4.04433	1.75301
3.48299	1.49561
3.21622	1.12485
2.95435	1.0031
2.79959	1.22581
2.9372	1.23368
3.6698	1.22538
5.8736	1.3479
5.03922	1.4988
5.20757	1.47716
5.57573	1.38776
5.80767	1.39794
6.03801	1.42596
6.24865	1.3336
6.36376	1.2807
6.3313	1.28274
5.93232	1.32188
5.66143	1.41956
5.8034	1.29898
6.0196	1.36548
6.29353	1.52077
6.49109	1.49926
6.68956	1.69041
6.71608	1.84533
6.934	1.59574
7.10223	1.418
7.01185	1.5469
6.90762	1.66317
6.8085	1.6384
6.64204	1.76217
6.36482	1.79142
5.94259	1.9485
5.73036	1.88756
5.53523	2.01417
5.74944	1.78713
5.85264	1.72138
5.90838	1.91394
6.04654	1.8746
6.13619	1.88793
6.24955	1.82404
6.25189	1.86621
6.24913	1.70021
6.2795	1.48247
6.28339	1.22707
5.94304	1.19729
5.63538	1.06825
5.58379	0.937446
5.48302	1.00872
5.40171	0.986428
5.4956	0.921294
5.86704	0.928211
6.02645	1.08998
6.07816	1.21111
5.98754	1.34618
5.88126	1.53473
5.7394	1.53948
5.68648	1.41842
5.59372	1.41482
5.32336	1.50413
4.87147	1.45576
4.34002	1.30799
3.83659	1.51335
3.59976	1.6462
3.72014	1.47693
4.37483	0.803676
3.99029	1.34805
4.2352	1.07388
5.35407	0.488121
6.05955	0.672778
6.49018	0.828081
6.62715	1.19219
6.88842	1.17079
7.1197	1.25979
7.18576	1.37891
7.18661	1.53186
7.14916	1.6508
7.15734	1.59018
7.2517	1.49636
7.14746	1.62861
7.17263	1.51806
7.01955	1.71264
6.80043	1.77074
6.45016	1.9831
5.56706	1.82606
4.55938	1.2462
5.34996	1.28397
5.86554	2.423
6.03247	2.3356
5.37186	2.21555
4.55843	1.92964
4.27209	1.88871
3.94745	1.76921
3.46292	1.76785
3.32384	1.74005
3.31828	1.49922
3.19906	1.64666
3.13154	1.496
3.30802	1.29436
3.69778	1.31331
4.24977	1.71145
4.50785	1.80264
4.76878	1.69397
4.87048	1.53049
4.77508	1.61996
4.89913	1.52298
4.92449	1.50525
4.97097	1.52587
5.03506	1.46541
5.00814	1.57936
4.83632	1.59108
4.46065	1.78591
4.37864	1.35476
4.61694	0.375708
4.74642	0.143665
4.7003	-0.0893813
4.77688	-0.395615
4.42478	-0.312939
4.49384	-0.300165
4.48002	-0.325023
4.57734	-0.370095
4.5311	-0.388673
4.35323	-0.501107
4.36773	-0.622759
4.11429	-0.199339
3.60826	0.0570591
3.25015	0.365568
2.90775	0.390567
2.66896	0.561794
2.68737	0.686187
2.868	1.03814
2.90799	1.10123
3.06584	1.3663
3.30069	1.3742
3.26367	1.48332
3.99583	1.12173
5.21919	1.2372
6.04532	1.10545
6.36983	1.22117
6.66804	1.18878
6.76351	1.0813
6.79371	0.940775
6.5852	0.957783
6.31485	0.888048
5.5692	0.906349
4.82433	1.10509
4.89253	0.969176
4.91334	1.21095
5.02433	1.23855
5.20704	1.12689
5.8494	1.14008
6.46343	1.2643
6.66716	1.37779
6.65965	1.52237
6.61927	1.66854
6.57716	1.69735
6.39523	1.64707
6.03586	1.43884
4.69115	1.48172
3.61368	1.73857
3.4051	1.27362
3.21269	1.21205
3.29809	1.21946
3.26557	1.22589
4.37808	0.644972
5.56977	0.334816
5.40396	0.589611
6.33411	0.662267
6.47069	0.725122
6.55334	0.722039
6.51555	0.755816
6.41678	0.856998
6.19826	1.04196
6.06214	0.891658
5.52145	0.98351
4.69236	0.913613
4.36884	0.285417
4.60339	-0.0858834
4.79562	-0.0864883
5.08814	0.0082437
4.86085	0.572368
5.12191	0.534066
5.50125	0.770113
5.35675	1.07651
5.23355	0.958879
5.2499	1.05087
5.34413	1.25323
5.63545	1.50919
5.94799	1.63333
5.68084	1.68735
4.87573	1.74736
4.29242	1.57022
5.46089	1.95413
6.35086	1.78698
6.20299	1.73996
6.0834	1.76346
6.33517	1.90481
6.45413	1.70262
6.13866	1.69905
5.97385	1.67945
6.02008	1.77487
6.2032	1.69979
6.09194	1.60756
5.66937	1.63436
5.69832	1.46278
5.60879	1.52071
4.83094	0.834694
4.98623	-0.176797
4.52066	0.372656
3.7413	1.47216
3.77224	1.59098
3.77722	1.45115
3.65571	1.50693
3.713	1.61004
3.68997	1.65673
3.36931	1.42421
3.10218	1.13416
2.89088	1.11225
2.83155	1.04954
2.77464	0.650129
3.30034	0.575021
3.53219	0.657745
2.86595	0.675037
2.78302	0.549592
2.74912	0.554806
2.63463	0.737784
2.49741	0.857395
2.62313	0.700572
2.60703	0.764818
2.46639	0.652119
2.46276	0.531196
3.09209	0.491599
2.96885	0.543278
3.06817	0.559793
3.10738	0.544445
3.38877	0.458117
3.92261	-0.130595
3.26509	0.308783
5.08617	-0.0093419
4.64585	-0.00209682
3.85901	-0.095898
3.80415	-0.226051
4.0576	-0.242345
4.00945	-0.253122
3.98208	0.0920445
3.96654	0.0343184
3.89915	0.0748782
3.92791	-0.0733453
4.04614	0.0687644
3.86414	0.0739699
3.74651	0.209076
3.67791	0.350987
3.67723	0.318358
3.57246	0.546981
3.37931	0.481579
3.18719	0.660268
2.92781	0.628937
2.86062	0.609217
2.93629	0.584196
2.83965	0.570099
2.87528	0.448889
2.71256	0.479558
2.75357	0.534832
2.69482	0.548977
2.6881	0.672935
2.77717	0.574735
2.76226	0.713429
2.78844	0.646388
2.74538	0.659778
2.91959	0.688282
2.84695	0.623789
3.02757	0.900854
3.74679	1.20986
3.55391	1.37842
3.45684	1.26892
3.43887	1.45519
3.97482	1.77601
5.22759	1.68803
5.94337	1.65324
6.48836	1.55735
6.72181	1.53885
6.87695	1.56148
6.94516	1.60022
6.92526	1.66867
6.85074	1.49807
6.83857	1.25817
6.39864	1.14582
4.84487	1.93699
4.60407	2.05125
5.36343	0.932314
5.75456	0.291566
5.37883	0.337122
5.29319	0.37164
5.19409	0.182639
5.15571	0.215843
5.5774	0.266025
6.21255	0.365149
6.72862	0.522769
7.02793	0.609989
7.2083	0.713181
7.24743	0.927411
7.28168	1.05603
7.33223	1.06853
7.32512	1.08413
7.29456	1.18185
7.15034	1.39111
6.83817	1.60462
5.72208	1.8407
5.18401	1.87922
5.19131	1.83692
5.10136	1.85207
5.24183	1.84547
5.59175	1.87076
6.40369	1.81655
7.02155	1.39067
7.20082	1.0855
7.25897	0.773399
7.19297	0.715441
7.02122	0.636465
6.81205	0.574356
6.52051	0.44825
5.79447	0.65643
4.95864	1.17786
4.68399	1.71542
4.55093	1.67863
4.08653	1.86949
3.98144	1.66689
3.89466	1.17818
5.23543	0.141699
5.49936	-0.84896
5.4329	-0.904565
5.46084	-0.663645
5.55329	-0.349332
5.43814	0.017834
4.77311	0.214326
3.49776	0.424566
3.22747	0.573598
3.10739	0.716507
3.05049	0.614439
3.04214	0.679895
3.03866	0.743773
2.79583	0.561161
3.68753	0.934308
4.48848	1.01867
4.21581	1.13455
4.1104	0.983378
4.12681	1.44292
4.88963	1.69408
5.4307	1.60041
5.65261	1.57829
5.80382	1.45508
5.97357	1.39118
6.1542	1.32271
6.29313	1.38552
6.14933	1.48303
6.08918	1.30911
5.71862	1.07769
5.00896	1.02957
3.4033	1.406
3.19745	1.35203
3.22909	1.2613
3.12072	0.992114
3.09404	0.917141
2.99112	0.884455
2.99243	0.995112
2.97899	0.867665
3.72406	0.384228
5.23387	-0.331339
5.58493	-1.12713
5.5711	-1.29626
5.54746	-1.2012
5.70335	-0.913723
5.5846	-0.564305
5.23784	0.163423
5.31515	0.837253
6.07953	1.21539
6.15742	1.25302
6.11409	1.32423
6.05796	1.31588
6.01128	1.34593
6.12974	1.39568
6.0364	1.63995
6.02266	1.51408
5.86008	1.40902
5.67027	1.35396
5.80692	1.33114
5.64424	1.38489
4.75661	1.2935
4.46974	1.18008
4.48582	1.02311
4.92718	0.323437
5.06502	-0.0981153
4.93353	-0.301919
4.83971	-0.334632
4.52286	-0.424809
4.48979	-0.330542
4.35632	-0.500876
4.30929	-0.393118
4.4811	-0.442297
4.47511	-0.179922
4.34632	-0.264662
4.42005	-0.277043
4.13674	-0.18614
4.05538	-0.223124
3.61644	0.280169
3.42907	0.594437
3.1341	0.566752
2.90351	0.673634
3.00855	0.787046
2.88935	0.829289
2.59035	0.9054
2.55094	0.791512
2.5023	0.737801
2.60157	0.584802
3.09271	-0.0423136
3.17649	-0.0683058
3.6625	0.038436
3.3932	1.1042
4.26968	1.63802
5.26945	1.69668
5.96278	1.54188
5.93348	1.30029
5.77146	1.72926
6.05	1.50777
5.76967	1.52175
4.92295	1.16012
3.62822	1.32689
3.07433	1.32037
2.85704	1.04673
2.79265	0.977887
2.75325	0.971171
2.72205	0.862385
2.64198	0.770934
5.09502	0.0979206
5.25267	0.377329
4.5073	0.377117
5.84007	0.827502
6.46639	0.97392
6.79424	1.04874
6.9888	1.07242
6.9946	1.1722
7.01888	1.16927
7.00975	1.10206
6.86674	1.15236
6.62413	1.28195
5.83991	1.36894
4.10189	1.46931
3.74569	1.48573
3.61301	1.49837
3.39627	1.55244
3.29984	1.42655
3.88471	0.970825
5.22585	0.63622
4.60889	0.37092
4.57287	-0.442495
4.70082	-0.356079
4.42348	-0.230355
4.31609	-0.35631
4.27487	-0.0952222
3.90859	0.191461
3.38478	0.639798
3.14628	1.059
2.99805	1.22006
2.93789	1.16188
3.43671	0.821898
3.94884	0.514021
4.82127	0.879158
5.17638	0.713098
5.59677	0.409405
5.64718	0.271627
5.50535	0.239211
5.30117	0.254267
5.32265	0.232936
5.51894	0.126607
5.8402	0.222024
6.22909	0.348068
6.54023	0.531874
6.88154	0.537305
7.10928	0.698832
7.15726	0.894904
7.10147	1.19529
7.26637	1.25077
7.22984	1.45246
7.17328	1.5927
7.00976	1.79342
7.01543	1.74882
6.89773	1.8212
6.77513	1.83806
6.43074	1.78982
4.65915	1.97919
3.829	1.61358
3.73009	1.82759
3.59544	1.72992
3.45608	1.41861
3.56419	1.70189
3.4607	1.47911
3.36413	1.76766
3.46455	1.64393
3.86012	1.35529
5.11839	1.21303
5.65732	1.16558
5.81801	1.17768
5.92674	1.36131
6.08115	1.42254
6.16513	1.36582
6.11741	1.41029
6.01738	1.47774
5.70199	1.68288
5.55685	1.36038
5.40196	0.838353
4.86119	0.388754
4.71954	0.0814107
5.16137	-0.286356
5.12349	-0.125837
4.76463	-0.0131643
4.5822	0.601661
4.39283	1.28922
4.72198	1.38778
4.75448	1.66956
4.85294	1.68738
5.10214	1.66624
5.48958	1.74357
5.87177	1.71073
6.13898	1.65156
6.39868	1.5184
6.48818	1.59469
6.55025	1.57433
4.99133	1.51547
4.08917	1.08373
5.97626	0.930009
5.87934	1.79774
5.99616	1.93705
5.5888	2.07461
4.77903	2.19376
3.64911	1.88925
4.09836	1.82342
4.44031	1.87393
4.62268	1.92074
4.70872	1.75712
4.69288	1.79114
4.65965	1.65219
4.63969	1.72687
5.21596	1.72274
6.58647	1.23644
7.00565	0.885738
7.0881	0.776223
7.16251	0.752016
7.23003	0.675304
7.22924	0.667891
7.20438	0.731858
7.14215	0.787364
7.02512	0.878574
6.91353	0.870826
6.72037	0.824188
6.17999	0.966564
5.41844	1.06908
5.35213	1.14216
5.21599	1.25259
5.05891	1.30862
4.84106	1.19303
4.5103	1.28219
4.24564	1.32608
4.04916	1.27972
3.78347	1.04768
4.00441	0.751406
4.50484	0.509014
4.05835	-0.551661
4.29753	-0.63833
4.35136	-0.485617
4.44385	-0.475156
4.78742	-0.329957
4.71766	-0.428079
4.66474	-0.449101
4.87066	-0.136116
4.77688	-0.222533
4.86713	-0.205157
4.798	-0.260981
4.6147	-0.034822
4.44553	-0.171639
4.03207	-0.0557119
3.73277	0.41782
3.43735	0.51573
3.29638	0.495316
2.97809	0.686816
2.7777	1.07693
2.89296	1.1153
2.70229	0.94477
2.81644	0.647848
2.76895	1.04521
3.23002	0.685978
4.02739	-0.363753
4.35358	-0.860803
4.46993	-0.919639
4.4276	-0.646277
4.56075	-0.791716
4.58475	-0.489877
4.77093	-0.578319
4.82073	-0.748517
4.97766	-0.618432
4.952	-0.305828
4.81821	-0.0605006
4.66723	0.10181
4.53548	0.706314
5.83297	1.43666
6.20911	1.41532
6.11749	1.66317
5.55849	1.76731
5.01823	1.90837
4.74138	1.58978
4.72101	1.76601
4.87326	1.62266
4.94834	1.62921
4.83128	1.81096
4.78364	1.7734
4.8719	1.81978
4.98917	1.73561
5.01014	1.72335
4.90837	1.78873
4.90161	1.79123
5.0103	1.90939
5.93988	1.73061
6.30095	1.49494
6.37729	1.56789
6.47004	1.47693
6.45962	1.43378
6.50259	1.2558
6.59026	0.999137
6.16974	0.729472
5.89263	0.729717
5.67105	0.854225
5.6361	0.734077
5.57895	0.7044
5.34623	0.641665
5.18913	0.698123
5.05308	0.498564
4.95508	0.513527
4.94574	0.588451
5.23877	0.625884
5.53453	1.05814
5.63253	1.2854
5.60651	1.44904
5.58058	1.44991
5.78318	1.35257
5.92982	1.25374
5.97915	1.2107
6.0339	1.13812
5.92641	1.07701
5.95518	0.781564
5.66708	0.805355
4.88033	1.64106
4.6284	1.92251
4.47299	2.02917
4.44494	1.99999
4.34375	1.92595
4.31091	1.79775
4.19209	1.75041
3.90418	1.87965
3.67898	1.77136
3.69916	1.65166
4.08313	0.728361
4.65624	0.289515
6.08004	0.426021
6.2097	1.24237
6.55426	1.3282
6.56656	1.4498
6.49178	1.51071
6.43291	1.48583
6.29805	1.42242
5.92635	1.44456
5.54308	1.45724
5.53715	1.37906
5.58044	1.25909
5.25557	0.97524
5.37742	1.0365
5.51123	1.24389
5.74061	0.744398
5.90313	0.345242
5.91241	0.177844
5.90969	0.0927372
5.81432	0.176587
5.84553	0.644237
5.46195	0.83652
5.14428	1.11307
4.94691	1.2451
4.69731	1.36268
4.51997	1.42583
4.20337	1.40496
3.7198	1.11444
3.61363	0.522879
3.23685	0.607443
3.14175	0.368218
3.21638	0.32895
3.54024	0.234884
3.74339	0.186775
4.29081	0.124915
4.32834	0.32816
4.29144	0.436305
4.4195	0.986293
5.22965	1.67146
6.41614	1.47655
6.5311	1.22883
6.56009	1.1844
6.45965	1.12273
6.38507	1.06818
6.6016	0.963541
6.54769	1.14852
6.30998	1.31878
6.08479	1.3511
5.95189	1.33061
5.87613	1.48876
5.87268	1.58636
5.65861	1.60214
5.53846	1.43053
4.91199	1.96662
3.95951	1.13315
3.55314	0.876173
4.89872	0.947032
4.39484	0.552538
3.73938	0.307064
3.05075	0.972579
3.05867	1.38004
3.55995	1.9549
3.77937	1.80167
4.01125	1.93636
4.03111	1.66822
3.75928	1.76715
3.40882	1.43691
3.19355	1.44905
3.25794	1.42515
2.83828	1.0307
2.82095	0.814129
2.65951	0.81885
2.55921	0.907191
2.59988	0.792032
2.46433	0.66855
2.49758	0.651362
2.58297	0.830862
2.55602	0.453196
2.56268	0.511991
2.41798	0.72427
2.10729	0.834329
2.5061	0.667563
2.42546	0.542938
2.39111	0.774465
2.48063	0.592356
2.50138	0.513161
2.4446	0.66838
2.5649	0.884009
2.64131	1.01084
2.56436	1.04514
2.58295	0.686441
2.72846	1.22512
2.61569	0.729703
2.55297	0.652996
2.4233	0.67799
2.42954	0.46859
2.63724	0.788853
2.70604	1.20094
2.71011	1.42412
2.8926	1.29008
2.92779	1.33583
3.00849	1.358
2.90597	1.43862
3.28946	1.10624
5.23222	0.40955
5.61226	1.07277
6.58239	0.659123
6.64954	0.778791
6.74964	0.992856
6.57037	1.11275
5.86138	1.35084
5.1177	1.43972
4.76464	1.61529
4.81333	1.59079
4.84663	1.59765
4.73213	1.68618
4.81699	1.54815
5.35942	1.52804
5.28091	1.58481
5.34177	1.49746
5.34712	1.63448
5.37501	1.46774
5.35931	1.54615
5.35466	1.51257
5.34009	1.48638
5.00973	1.67998
4.65652	1.72079
4.61962	1.72284
4.66849	1.52647
4.51013	1.78007
4.49132	1.90088
4.59066	1.71851
4.67173	1.65695
4.72328	1.77572
5.80624	1.54411
6.212	1.14421
6.35116	1.0704
6.51738	0.813771
6.58088	0.72449
6.58007	0.724269
6.59037	0.73552
6.6111	0.710918
6.68544	0.687099
6.78114	0.517293
6.75903	0.400517
6.54231	0.383442
6.16313	0.548272
5.20324	1.16317
4.65926	1.74063
4.70726	1.74388
4.6775	1.69901
4.69176	1.63341
4.48971	1.70133
4.22014	1.86316
3.98555	1.8399
3.72527	1.93197
3.59924	1.68661
3.36116	1.47599
3.30414	1.44646
3.22206	1.41088
3.13595	1.14562
2.98449	1.20508
2.92064	1.13392
2.76026	0.910441
2.67204	0.871609
2.62831	0.856944
3.06552	0.988963
2.93615	0.972707
2.72102	0.949444
2.86059	0.693822
2.90869	0.700202
2.59672	0.876682
2.58928	0.736461
2.49945	0.678109
2.48828	0.54485
2.39814	0.736383
2.43487	0.848365
2.41973	0.701425
2.54948	0.710432
2.50922	0.781127
2.52275	0.725925
2.53148	0.73968
2.82959	1.49879
4.00234	2.00506
4.45297	1.68585
5.02276	1.7918
5.2584	1.8271
5.65348	1.38376
5.59025	1.45888
5.04199	1.51338
4.92757	1.54024
5.21172	1.26746
5.37929	1.01879
5.28929	1.10418
5.26917	1.07061
5.22336	1.01412
5.09292	0.96444
5.0977	0.934096
5.15308	0.845348
5.04341	0.840533
5.05874	0.747071
5.09853	0.665709
5.43486	0.698483
6.01332	0.712223
6.47339	0.856229
6.67436	1.0292
6.7256	1.14804
6.90969	1.2263
6.96233	1.31073
7.05187	1.39362
7.20006	1.35853
7.1339	1.42025
7.06355	1.32255
6.74912	1.35248
6.13821	1.33732
4.83995	1.44831
3.73705	1.53852
3.54751	1.29718
3.40802	1.33486
3.4357	1.35588
3.25045	1.24934
3.37103	1.0009
5.02825	0.893145
4.37487	1.3305
4.10982	1.57024
5.48427	1.67491
5.90695	1.65385
5.93121	1.57604
5.89988	1.51188
5.93191	1.44635
5.9916	1.36618
5.96631	1.40099
5.81426	1.56456
5.46303	1.38806
4.75869	0.809593
4.77628	-0.0141055
4.71012	-0.377566
4.79967	-0.57291
4.92975	-0.574323
4.75617	-0.794386
4.84781	-0.637825
4.8016	-0.686378
4.81445	-0.694301
4.78133	-0.669821
4.77875	-0.773584
4.76591	-0.540229
4.68582	-0.570555
4.60257	-0.303605
5.54812	0.308519
6.11281	0.17203
6.34347	-0.0573161
6.10625	-0.0394801
5.77902	0.126618
5.06082	0.563664
4.31046	1.64187
4.5412	1.65877
4.65435	1.70666
4.85492	1.51664
4.84896	1.4727
4.83384	1.41872
4.65538	1.47742
4.41514	1.48028
3.95399	1.42779
3.29711	1.40034
2.82137	1.18102
2.77982	0.906949
2.67076	0.92748
2.53304	0.839368
3.27881	0.537436
4.72086	0.449869
4.81475	0.435711
5.00098	0.516918
5.58724	0.451775
5.67965	0.41059
5.58263	0.596407
5.04989	0.675504
3.97463	1.05696
2.8048	1.21902
2.94015	1.05147
2.76924	0.912976
2.65644	0.88236
2.48871	1.15895
4.01576	0.204925
5.27907	0.147926
4.76417	0.455731
5.03282	1.27589
5.39316	1.27455
5.38871	1.30265
5.3562	1.36382
5.41179	1.32173
5.36875	1.45122
5.35461	1.55952
5.26209	1.56848
5.30352	1.471
5.30838	1.49548
5.4928	1.16614
5.48767	1.13437
5.46726	1.07805
5.46676	1.21182
5.80387	1.37863
6.01381	1.4266
6.2436	1.49281
6.45366	1.26641
6.52878	1.33037
6.40442	1.4304
6.2337	1.45469
6.12728	1.52439
6.12438	1.735
6.15919	1.73379
6.27007	1.55319
6.06656	1.49029
5.7429	1.59939
5.82328	1.57192
5.85434	1.52162
5.41179	1.49827
4.6846	1.15645
3.38356	1.23978
4.42669	0.836407
4.54577	0.789187
4.44974	0.324638
4.28481	0.203758
3.76747	0.438596
3.98435	0.176507
4.33157	0.497913
4.24572	0.688253
3.95906	0.665626
3.81902	0.966332
3.41305	1.03444
3.14601	0.941674
3.04057	0.865902
3.25052	0.870031
3.00112	1.02258
2.74773	0.734103
2.73445	0.747104
2.7173	0.681455
2.6968	0.519351
2.71701	0.598771
2.65701	0.615484
2.51852	0.686685
2.38339	0.664689
2.3755	0.663255
2.28723	0.578687
2.31549	0.563479
2.55846	0.412808
2.51158	0.67478
2.28361	0.489931
2.73636	0.564486
2.59887	0.575282
2.59258	0.469869
2.67974	0.515695
2.65289	0.690063
2.75142	0.544639
2.71803	0.589494
2.70314	0.587628
2.70353	0.587866
2.75559	0.611628
2.72912	0.862419
2.78451	0.590216
4.32188	-0.77038
4.26631	-0.840699
3.49236	-0.152313
4.63585	0.022068
4.59981	0.0497642
4.13668	-0.124446
3.87688	-0.192273
4.04487	-0.152199
4.22653	-0.0269308
4.39493	-0.275425
4.21134	-0.275073
4.1415	-0.0693689
4.18882	-0.106914
4.16196	-0.0246139
4.0918	0.0922431
3.96585	-0.0682217
3.78889	0.0768122
3.72777	0.130538
3.49886	0.266366
3.13121	0.556664
2.93258	0.596403
2.77152	0.710576
3.12251	0.192847
4.37467	-1.42025
3.56108	-0.623339
2.7188	0.43358
2.64647	0.494167
2.91197	0.356643
3.03515	0.214742
2.75654	0.573195
2.76498	0.465067
2.80374	0.473371
2.67448	0.563052
2.7248	0.620751
2.63951	0.71235
2.75109	0.636194
2.79403	0.512581
2.80149	0.739394
4.00685	0.903401
5.32476	1.75354
5.51231	1.86354
5.83257	2.014
6.70331	1.60512
6.7702	1.67934
6.77496	1.60002
6.88173	1.4537
6.64339	1.70363
6.45416	1.86059
5.94807	2.09116
5.11475	2.12494
3.88064	2.02159
3.60459	1.73475
3.4146	1.61889
3.47532	1.43665
3.27279	1.30425
3.68566	0.627911
4.7387	0.373664
5.48678	0.774059
5.77373	1.14349
6.01222	1.19542
5.45275	1.06605
5.90001	0.914282
6.12453	1.28425
6.2997	1.47696
6.38384	1.48279
6.79727	1.11953
6.94853	0.917457
6.79365	1.0609
6.30323	1.32874
5.89649	0.823592
5.23762	0.423427
5.18394	-0.219171
5.07156	-0.489263
5.21123	-0.382577
4.82486	0.247962
4.26213	0.29297
3.87469	0.592856
4.63923	1.40619
5.1191	1.6271
5.35943	1.56699
5.4418	1.64312
5.73675	1.44043
5.93733	1.54903
6.19308	1.37638
6.27058	1.28647
6.19466	1.3845
6.17097	1.39031
6.17113	1.32174
5.99072	1.39478
5.72929	1.49558
5.41895	1.52162
5.31256	1.61856
5.215	1.71595
5.15664	1.78299
5.19791	1.7546
5.21266	1.7383
5.90988	1.69458
6.81217	1.14705
6.90518	0.909774
6.89078	0.785311
6.89634	0.653191
6.74414	0.609112
6.65567	0.602878
6.53033	0.63517
6.44848	0.655544
6.45656	0.675961
6.46711	0.661564
6.24129	0.801861
6.09757	0.855885
5.35949	1.24909
4.68431	1.88969
4.67217	2.06009
4.72232	1.9244
4.66482	1.8758
4.57097	2.029
4.34476	1.96063
4.06034	1.7342
3.82993	1.21955
4.21918	0.744554
5.05164	0.434778
4.86161	0.326359
5.047	-0.0407136
4.78753	-0.728959
4.95376	-0.553759
4.8726	-0.534979
4.39865	0.0182338
3.08409	0.529357
2.86626	0.759704
2.97029	0.682177
2.81504	0.847907
2.87829	0.65563
2.71565	0.7922
2.72268	0.669402
2.84199	0.710168
5.30042	1.33113
6.19051	1.30975
6.68358	1.28726
6.74868	1.4802
6.54663	1.74272
6.40894	2.04896
6.69961	1.87197
6.69504	1.83965
7.05183	1.32644
6.67109	1.45774
5.35213	1.66489
5.36275	1.82178
5.46657	1.59189
5.72506	1.24928
6.483	1.00198
6.922	0.968835
7.01974	0.938313
7.01748	0.936017
7.02529	0.937862
6.96977	0.96671
6.78022	1.07041
5.94594	1.51737
5.69506	1.22767
5.5176	0.375069
5.71241	-0.341513
5.83345	-0.556219
5.68514	-0.343273
5.1714	-0.288169
4.41123	-0.408067
3.62594	0.217686
3.09595	0.751802
3.08059	0.908786
2.95486	0.99482
4.11986	0.33371
5.02728	0.305518
5.2883	0.673603
5.21353	1.42007
6.49478	1.70169
6.82071	1.72094
7.16493	1.40893
7.31839	1.25899
7.28851	1.26086
7.19982	1.3383
7.04873	1.36872
6.79076	1.46972
6.15353	1.51289
4.05512	1.61256
4.14075	1.07803
3.68241	1.4268
3.53215	1.19206
3.46135	1.26299
3.53891	1.08156
3.6052	1.42442
4.15745	1.74109
4.42578	1.99695
4.80421	1.78302
4.88162	1.79758
4.96589	1.80713
4.95863	1.85474
5.3798	1.65373
6.67425	1.24106
7.08567	0.902034
7.14383	0.728154
7.12716	0.696433
7.12046	0.678239
7.0982	0.569394
6.85631	0.506563
6.45396	0.484774
5.68917	0.810544
4.76579	1.66869
4.54607	1.89168
4.45835	1.64354
4.05174	1.94694
4.10258	1.5218
3.8449	1.35476
3.49841	1.02961
4.26858	-0.12751
5.24405	-0.113556
5.4007	-0.106747
5.2654	-0.339063
5.98801	0.557004
6.93036	0.669514
6.98309	0.783129
6.82383	0.81841
5.986	0.828075
4.4019	0.793587
3.68245	1.01203
3.24618	1.04293
3.00064	0.837481
3.1853	0.782982
4.57827	0.904687
4.56774	1.04454
5.10152	0.325594
5.4368	-0.316545
5.55433	-0.35088
5.47605	-0.546316
5.2963	-0.565776
5.15067	-0.417534
5.14857	-0.342904
5.13602	-0.134187
4.84985	0.297047
5.64396	0.723492
6.09945	0.59256
6.1769	0.447024
6.21139	0.453915
5.9164	0.607127
4.80343	0.869178
3.55602	1.18486
3.1902	1.09967
3.02591	0.946791
3.02302	0.798426
3.09113	0.91017
2.91	0.727034
5.04117	-0.0600051
5.14163	0.097472
4.9232	0.708601
5.72864	1.28855
6.35008	1.07098
6.495	1.08428
6.54488	1.14418
6.44611	1.17771
6.46505	1.19969
6.3427	1.175
6.19512	1.31482
6.12136	1.23876
6.17663	1.15198
6.12612	1.15728
6.00882	1.15485
5.84086	1.14209
5.65744	0.989883
5.3697	0.83166
5.01646	0.78853
4.69687	0.0308072
4.67242	-0.304176
4.69761	-0.661542
4.73474	-0.456193
4.60693	-0.0600981
4.49558	0.72559
4.50701	1.15995
4.68098	1.27402
4.68906	1.34958
4.51283	1.4696
4.38255	1.59707
4.26185	1.53849
4.18196	1.6127
4.25447	1.70107
4.17848	1.60792
3.94185	1.46462
3.92808	1.37582
4.22042	0.839493
4.07534	0.376201
4.28607	0.154447
4.38144	-0.147398
4.51408	-0.335478
4.44941	-0.292594
4.47681	-0.385594
4.29182	-0.577331
4.25697	-0.729275
4.10417	-0.680939
4.12664	-0.623507
4.03939	-0.73864
4.04273	-0.623306
3.78985	-0.650062
3.53721	-0.448627
3.51537	-0.107696
3.32556	0.145436
2.89033	0.516724
2.74044	0.456539
1.92082	0.539327
2.47866	0.573088
2.55997	0.448451
2.59547	0.449977
2.56599	0.638694
2.66096	0.609029
2.49451	0.453075
2.61618	0.621752
2.58287	0.688291
4.39775	0.671716
5.27339	0.612521
5.08175	0.858328
6.31478	0.907536
6.77456	0.856454
6.8084	0.855842
6.77746	0.836658
6.43375	1.17817
5.717	1.44552
4.9642	1.57234
4.99562	1.4895
4.96367	1.50391
4.86982	1.57459
4.8839	1.51962
4.8838	1.47166
4.79129	1.52782
4.67826	1.54231
4.56313	1.59609
4.45951	1.44746
4.18567	1.54382
3.98451	1.58204
3.60962	1.60973
3.31837	1.74087
3.18292	1.4857
4.74599	0.894247
6.67663	0.669715
6.90933	0.692798
6.69968	0.863477
6.6768	0.878904
6.68233	0.82515
6.57524	0.879804
6.62367	0.820047
6.73444	0.750826
6.80185	0.652518
6.75153	0.683231
6.80625	0.597033
6.85495	0.515401
6.84701	0.477573
6.72501	0.649494
6.56139	0.994089
6.37621	1.27421
5.75248	1.63215
4.58944	1.81111
4.31805	1.75738
4.13496	1.52448
3.74047	1.55087
3.51373	1.50791
3.62166	1.60485
4.31966	1.8838
5.08072	2.09048
5.90072	2.16922
6.43998	1.92685
6.65279	1.8566
6.75524	1.86655
6.83615	1.7188
6.8949	1.55365
6.81055	1.70194
6.8471	1.492
6.82547	1.51403
6.8168	1.53788
6.84548	1.43038
6.88986	1.44081
6.82608	1.52116
6.8461	1.49032
6.80776	1.52696
6.78345	1.42509
6.81035	1.36364
6.68027	1.32871
6.48392	1.243
5.64088	1.35643
4.6196	1.84614
4.59857	1.8578
4.52066	1.71833
5.70983	1.1608
6.43085	1.43623
6.58087	1.35924
6.67799	1.39889
6.67449	1.39417
6.62253	1.42595
6.5758	1.42509
6.61564	1.33943
6.63374	1.32891
6.47246	1.49013
6.35884	1.54149
5.9779	1.72405
5.12364	1.6412
4.91274	1.54022
4.79634	1.6899
4.76822	1.60812
4.75259	1.56186
4.544	1.92941
4.67271	1.90781
4.69282	1.86409
5.07773	1.58819
5.93975	1.09149
6.25844	0.647876
6.30325	0.400909
6.355	0.327407
6.35989	0.357503
6.40086	0.414532
6.50561	0.422027
6.66022	0.30023
6.75072	0.24321
6.66657	0.376041
6.40816	0.669548
5.95321	1.02401
5.29945	1.08714
5.23056	0.0983726
4.89556	-0.701328
4.4209	-0.819458
4.31897	-0.668969
4.43279	-0.88922
4.59726	-0.811718
4.94739	-0.998962
5.04054	-0.608358
4.30692	0.397411
3.06616	0.603313
2.99036	0.637568
2.97228	0.669122
2.87286	0.592571
2.80272	0.412088
3.50482	0.941891
5.35968	1.62475
5.49931	1.53884
5.79798	1.59162
5.57261	2.03772
5.6909	1.9025
5.51381	1.98079
5.47866	1.78352
5.25254	1.81617
4.94115	1.78451
4.98875	1.7519
4.97795	1.78423
4.94775	1.81102
4.9472	1.78709
5.98392	1.67575
6.62974	1.37869
6.9116	1.08765
6.99233	0.952437
6.91856	0.976519
6.72632	1.1218
6.61476	1.0734
6.47819	1.03914
6.37073	0.737995
5.99645	0.695824
4.97801	1.17525
4.45946	2.08247
4.48338	1.92544
4.35251	1.91928
4.16674	1.81667
4.09619	1.42581
3.58119	1.14488
3.77828	0.25406
5.43822	-0.353358
5.24256	-0.599377
5.26387	-0.414235
6.00893	0.21762
6.55785	0.0172164
6.66217	0.123383
6.78787	0.169864
6.79531	0.239769
6.46255	0.467265
5.70762	0.594613
5.203	0.207944
5.32108	-0.394671
5.51903	-0.54329
5.54731	-0.735563
5.35583	-0.740575
5.4245	-1.02298
5.3799	-0.963674
5.42798	-1.07274
5.50657	-1.21508
5.49096	-1.25127
5.52624	-1.13521
5.5263	-1.1756
5.33523	-0.997805
5.32324	-1.23706
5.14157	-1.02379
4.99839	-0.789722
4.70404	-0.423968
4.88131	-0.0254734
5.33038	0.0921594
5.36699	-0.0569804
5.33675	0.0111523
5.19366	0.0380354
5.19484	-0.026362
5.15836	0.164012
5.0397	0.358125
4.97386	0.397922
4.60181	0.594862
4.30663	0.742705
4.29858	0.691354
4.29385	0.331188
3.89834	0.390318
3.86415	0.379672
3.39311	0.553813
3.51138	0.464949
3.33377	0.373852
3.24453	0.604157
3.07256	0.609596
3.06229	0.479013
2.87475	0.553234
2.87911	0.65213
2.77268	0.829393
2.67002	0.566728
2.63796	0.753815
2.96813	-0.0105798
3.86945	-0.0750142
3.31132	0.456707
2.82938	0.632988
2.71745	0.769519
2.79238	0.650496
2.57965	0.723796
2.74241	0.543806
2.61527	0.682356
2.66838	0.779973
2.90556	1.03286
3.81606	1.4279
3.8815	1.3598
5.16809	0.867385
5.22747	0.847681
5.61175	0.961725
5.96528	1.22896
6.10507	1.37754
5.82772	1.44536
5.57423	1.59587
5.2884	1.18012
4.9741	0.34826
4.76988	0.245986
4.54578	0.00915221
4.39209	-0.303427
4.50495	-0.438148
4.99356	-0.635913
5.13705	-0.492821
5.41085	-0.374251
5.34516	-0.326253
5.21785	0.30298
6.43277	0.592234
6.57795	0.826058
6.3979	0.840312
6.23445	0.995261
6.13585	1.05917
6.05257	0.987524
5.98505	0.921595
5.64641	0.813041
4.59309	0.815595
3.32431	1.27503
3.3021	1.17771
2.98888	0.910446
2.94864	0.852852
2.89688	0.9754
2.92322	0.984462
2.90537	0.891384
4.80824	-0.110253
5.62458	0.343405
6.51571	1.03222
7.31569	1.06343
7.28483	1.27103
7.2791	1.38211
7.2456	1.40162
7.22818	1.38031
7.18123	1.45275
7.20332	1.41429
7.13529	1.44306
7.01196	1.46384
6.80842	1.50343
5.82084	1.5552
4.25563	1.73904
3.7446	1.53936
3.80035	1.41072
3.76093	1.47346
3.67146	1.74916
3.98685	1.57866
4.32866	1.78834
4.52306	1.67468
4.81725	1.73569
5.03442	1.74287
5.01992	1.92319
5.10869	1.9146
6.24922	1.16598
6.82572	0.68136
6.98875	0.457508
6.93112	0.482862
6.79581	0.599491
6.4421	0.717312
6.06713	0.891432
5.46592	1.0087
4.5626	0.811391
4.56645	0.113399
4.97969	0.0244463
5.00969	-0.0759179
5.09096	0.362694
4.90998	0.712122
5.20736	0.548511
4.79867	1.0579
5.05758	0.961486
5.74115	0.900744
6.46859	0.899237
6.75852	1.03404
6.26432	1.17868
5.52567	0.857449
6.09829	1.36492
6.81035	1.49738
6.96066	1.59007
6.97466	1.5474
6.91333	1.59334
6.9008	1.5449
6.82557	1.53081
6.66449	1.68591
6.5147	1.69291
6.04452	1.83828
5.30814	1.92267
5.01802	1.91442
4.91254	1.92843
4.92073	1.93502
4.8157	1.80276
4.65426	1.70547
4.45457	1.85646
4.14505	1.85079
3.97426	1.57625
5.02591	1.19816
5.94915	1.29318
6.69742	1.1671
6.62552	1.25624
6.61352	1.28962
6.48605	1.34614
6.34246	1.43209
6.31899	1.42288
6.21348	1.44077
6.09214	1.45732
5.95449	1.45013
5.72473	1.40712
5.50125	1.39604
5.20245	1.49699
4.91229	1.50834
4.84782	1.57974
4.88742	1.52272
4.91662	1.6049
4.87244	1.67166
4.88449	1.70351
4.83141	1.69302
4.70968	1.7702
4.78166	1.63068
4.76991	1.65851
5.3448	1.61838
5.29226	1.63351
5.32781	1.55376
5.45848	1.48654
5.52065	1.56409
5.53117	1.64813
5.45041	1.86562
5.40517	1.87762
5.60915	1.74806
5.60045	1.76172
5.71892	1.65969
5.60305	1.59548
5.53818	1.61266
4.17465	1.81137
4.09993	1.7373
3.82373	1.72664
3.67868	1.78787
3.71003	1.64671
3.79993	1.57732
3.95998	1.57608
3.78199	1.64237
3.55311	1.51273
3.18303	1.43904
3.05334	1.11594
3.0386	0.936254
2.95053	1.10299
2.85038	0.836397
3.64268	0.619417
3.94071	0.431793
4.07192	0.549489
3.90681	0.412536
3.8088	0.539719
3.63179	0.781276
3.44743	0.759293
3.88256	0.280064
3.61688	0.614758
3.40897	0.945639
3.32643	1.0106
3.07394	0.848961
2.70077	0.879483
2.76912	0.924398
2.69707	0.664568
2.71932	0.70091
2.74008	0.809978
2.81579	1.19117
4.02058	1.70259
4.02746	1.43611
4.32399	1.87997
5.94778	1.62091
6.16226	1.45669
6.27909	1.48856
5.94794	1.84029
5.53331	2.33564
5.43592	1.89105
4.83615	1.78834
4.67918	1.93843
4.75892	1.86559
4.98082	1.90378
5.43038	1.86555
5.91129	1.81543
6.54087	1.56089
6.85276	1.51556
7.09997	1.26035
7.2637	1.11182
7.33825	0.98344
7.38556	0.901707
7.47855	0.784895
7.42456	0.878371
7.40993	0.912208
7.36657	0.909272
7.25484	1.0616
7.0332	1.26075
7.01278	1.24435
6.89667	1.36943
6.75874	1.5073
6.58084	1.52913
5.68168	1.77389
5.18237	2.05029
5.16905	2.1189
5.28068	1.96668
5.14925	2.05115
4.95349	2.10749
4.81466	1.82191
4.39496	1.77699
3.81432	1.50421
3.51271	1.39548
5.62287	0.720386
6.2126	1.439
6.79741	1.68498
6.57454	1.77477
6.4	1.83043
6.43404	1.78629
6.35579	1.76709
6.25238	1.5865
5.97297	1.45222
5.65765	1.15901
5.63471	0.209447
5.51835	-0.0010226
5.47679	-0.231037
5.52094	-0.547471
5.60051	-0.511152
5.47179	-0.420518
5.60916	-0.16528
5.66614	0.143965
5.94687	0.128333
6.20919	0.182598
6.42896	0.219906
6.72544	0.138707
6.75189	0.172725
6.56513	0.365387
6.04888	0.884221
5.61691	0.660652
5.5103	0.461152
5.62537	0.291602
5.89221	-0.157416
6.02576	-0.28019
6.03415	-0.0877427
5.83397	-0.0678257
5.65637	-0.101651
5.22396	-0.3639
5.17244	-0.388209
4.71959	-0.295806
4.3378	0.120966
3.88473	0.0382367
3.55657	0.182332
4.1197	0.0945061
4.46504	-0.03563
4.95423	0.957996
6.03967	1.25976
6.36281	0.967806
5.98993	1.02783
5.41484	1.05651
6.325	1.32033
6.83095	1.30831
6.93125	1.39795
7.01916	1.43509
7.19169	1.42019
7.26035	1.43241
7.28104	1.45631
7.40361	1.30818
7.26076	1.35283
6.99693	1.51044
6.78773	1.67832
6.40677	1.97063
6.05653	1.90691
5.56586	2.11322
5.00077	1.8651
4.0298	1.31606
3.63514	1.28289
3.57301	1.18075
3.53883	1.13319
3.57199	0.903806
3.75371	0.782579
3.55022	1.07125
3.40749	1.074
3.13439	1.08332
3.25196	0.907717
3.04179	1.01117
4.37668	0.763138
4.91302	0.670987
4.62179	0.995142
4.25795	1.2314
4.24444	1.43093
3.94179	1.74815
4.19774	1.80031
4.41998	1.71124
4.60244	1.64057
4.71114	1.57404
4.78972	1.51612
5.05635	1.46067
5.02724	1.6464
5.31276	1.3701
6.39606	0.50335
6.73817	-0.138667
6.58525	-0.138328
6.48385	-0.169656
6.27751	-0.19546
5.90143	-0.124298
5.27233	0.247643
4.44916	0.887952
3.94388	1.21685
3.61808	1.30232
3.58285	1.0254
3.43971	0.787753
3.54224	0.258229
4.95418	-0.563715
5.37176	-0.6257
5.71819	-0.354045
5.29038	-0.0722261
6.36078	0.427126
7.0102	0.411086
7.10908	0.548286
7.10961	0.688396
7.014	0.741096
6.65757	0.866432
5.94685	0.973791
4.79278	1.24765
4.22297	1.12779
3.95654	1.14517
4.09431	0.998459
4.56154	1.30922
5.49556	1.14394
5.97162	1.04712
6.12976	0.999924
6.29813	0.873966
6.36448	0.838048
6.39693	0.818592
6.44275	0.801721
6.42433	0.756285
6.06994	0.842036
4.27367	1.3704
3.78743	1.4651
3.77999	1.32824
3.70815	1.17105
3.47276	1.27225
3.35202	1.14316
4.09075	0.244507
5.01535	-0.383113
4.06703	-0.248917
4.37148	-0.481195
5.00583	-0.301164
5.25183	0.30255
5.17517	0.455062
5.94268	0.899395
6.81643	0.91969
7.11442	0.919607
7.12137	1.01152
7.22943	1.02205
7.31372	0.948744
7.27648	0.940496
7.241	0.891419
7.12271	0.893258
6.9826	0.915246
6.39623	0.985972
5.39475	1.3327
5.05284	1.79369
5.42429	1.47133
6.06945	1.31252
6.74183	1.06654
7.00718	1.0527
6.98072	1.13659
6.98419	1.16238
6.97515	1.14949
6.85739	1.18937
6.7731	1.27679
6.5024	1.44398
5.85078	1.62885
4.9746	1.76313
4.3684	1.86607
4.35887	1.40088
4.76221	0.781598
4.70162	1.57802
5.71755	1.62851
6.43212	1.53714
6.68654	1.48413
6.75926	1.52662
6.82743	1.54315
6.87094	1.47931
6.7726	1.66144
6.6983	1.55588
6.58008	1.69079
6.55373	1.6404
6.33773	1.77697
6.16305	1.79487
6.02035	1.94439
5.81394	2.04254
5.73173	1.94814
5.41921	2.0555
4.47469	2.09324
3.62173	2.07497
3.41053	1.86052
3.39618	1.67766
3.34753	1.49413
3.15216	1.29728
3.13523	1.37691
3.12088	1.27436
3.38577	1.46695
3.92537	1.76562
4.1352	2.12755
4.59953	1.94271
4.85177	1.93834
5.11562	1.91765
5.28327	1.94839
5.50939	1.89631
5.51322	2.06015
5.23228	2.27933
4.92077	2.16103
4.70296	2.28143
4.79715	2.09949
4.75517	2.0855
4.68533	2.10838
4.69039	2.05627
4.53384	2.10588
4.19303	2.02382
3.73086	1.78681
3.74064	1.13683
3.69749	1.02119
4.01272	1.44287
4.0121	0.588487
4.55937	-0.166701
4.85976	-0.717258
4.93596	-1.33022
5.09025	-1.32625
4.96964	-1.52497
4.99696	-1.71411
4.98666	-1.84262
4.77218	-1.48027
4.31963	-1.43984
3.63175	-0.351224
3.0413	0.365412
3.01797	0.258483
3.00591	0.348186
2.89664	0.369062
2.99283	0.42043
3.43286	-0.0396621
3.31377	0.172108
2.93931	0.285778
3.01195	0.730376
3.45377	0.163442
2.97622	0.369335
2.76044	0.460762
4.00971	1.60083
5.75161	1.7168
6.23494	1.64404
6.38693	1.5496
6.42704	1.6061
6.39326	1.69738
6.48849	1.62958
6.45036	1.67348
6.36996	1.74606
6.18453	1.95644
5.69908	2.14417
5.58285	2.14622
5.61934	1.95445
5.50335	1.92457
5.28115	1.90757
5.08422	1.69947
4.97183	1.6358
4.68089	1.84923
4.55919	1.84226
4.5296	1.91266
4.86031	1.84736
4.99694	2.02808
5.09381	2.19465
5.18744	1.85348
4.35726	1.70199
3.61938	1.46283
4.13322	1.02013
4.55559	1.37955
5.28751	1.85513
5.99517	1.87977
6.46602	1.69908
6.50943	1.54818
6.48808	1.54139
6.41921	1.48492
6.34608	1.41553
6.28045	1.41389
6.01302	1.45221
5.38484	1.60582
4.71319	1.56213
4.0415	1.62527
3.7585	1.54593
3.65553	1.38987
3.91018	1.27755
4.1646	1.434
4.73847	1.54302
5.27794	1.48215
5.65211	1.51304
5.75791	1.47709
5.73953	1.60173
5.77509	1.46118
5.75116	1.47595
5.66432	1.57491
5.5555	1.51632
5.46077	1.58966
5.44417	1.49616
5.34168	1.43881
5.32533	1.47535
5.26742	1.4334
5.18118	1.4216
5.09416	1.4284
4.66289	1.56021
4.16663	1.14345
3.82111	0.366925
4.17466	0.00172753
4.61285	0.115324
3.98296	-0.408476
4.19025	-0.527096
4.24538	-0.62799
4.1716	-0.549813
4.18246	-0.576464
4.84839	-0.399985
4.79475	-0.150407
4.47321	-0.20762
4.37627	-0.111819
4.32551	-0.0358609
4.10031	0.166977
3.75265	0.786246
4.05438	1.55037
4.37974	1.60246
4.10155	1.74635
3.82409	1.74416
4.0288	1.61494
4.1047	1.48798
4.33603	1.57636
3.48681	1.4098
4.55807	1.49964
3.76208	1.33461
4.08462	1.21429
3.78621	1.43467
4.36859	1.70258
3.47318	1.278
3.89668	0.342471
4.27553	0.0762677
4.46496	-0.0756886
4.70278	-0.49676
4.61994	-0.60496
4.5012	-0.629355
4.48243	-0.868984
4.32567	-0.709823
4.20876	-0.568494
4.16747	-0.393775
2.89994	0.960085
2.46499	0.58787
2.43215	0.503301
2.43644	0.666595
2.59979	0.69913
2.63891	0.588358
2.63217	0.598926
2.4121	0.556725
2.50592	0.782423
2.74208	1.16802
3.16495	1.53059
3.44712	1.53044
3.38609	1.52789
3.4074	1.51598
3.31182	1.63337
4.5814	1.60224
6.21106	1.87239
6.66741	1.7557
6.94262	1.60379
6.93246	1.69507
6.88539	1.73675
6.8418	1.61998
6.61586	1.52462
6.11773	1.39011
4.31141	1.5812
3.66853	1.75654
3.59469	1.58396
3.41897	1.43935
3.29753	1.40124
3.24294	1.36402
3.23751	1.07989
4.72528	-0.604804
4.78309	-0.791181
5.32874	-0.887381
5.33481	-1.08062
5.89415	0.345656
3.99684	1.16742
3.35247	0.756739
3.10637	0.808048
2.94258	0.601794
2.88119	0.785032
2.79161	0.508852
2.84188	0.720618
2.73529	0.361304
3.63394	0.912732
4.44892	1.21853
5.92122	1.56133
6.57116	1.49998
6.7712	1.44576
6.89123	1.27864
6.83342	1.11903
6.08313	1.65883
5.48515	1.52128
5.39815	1.1154
5.46444	0.27542
5.77292	-0.165655
5.44537	-0.292386
5.23215	-0.305152
4.84083	-0.346119
5.00912	-0.319281
4.91884	-0.453698
4.97702	-0.296821
4.78721	-0.169758
4.70598	0.111458
4.8524	0.794439
5.90965	1.93756
6.56464	1.5931
6.88281	1.43061
7.12154	1.25869
7.25867	1.23683
7.32078	1.20391
7.3448	1.18315
7.20819	1.26755
6.9808	1.44188
6.54592	1.81471
5.95109	2.27514
5.54355	2.03769
4.60797	1.94879
3.69845	1.62521
4.61023	0.358531
4.24816	0.485105
3.26841	1.32995
3.13784	1.42762
3.88972	0.71362
4.14422	0.602554
3.77012	0.638274
4.97878	1.13195
6.24119	0.915332
6.01119	1.06934
5.89618	0.93981
6.59037	0.781243
6.97307	0.716683
7.05763	0.708978
7.09407	0.655786
7.07082	0.702851
7.04311	0.752065
6.85649	0.949435
6.53173	1.13717
6.0063	1.52061
5.5258	1.21595
5.26478	0.739201
5.30644	0.22934
4.95867	-0.341502
4.88143	-0.292102
4.44749	-0.317281
3.87188	-0.0174177
3.71767	0.830121
3.54851	0.676505
3.55811	0.654891
3.92057	1.18592
4.376	1.71588
4.69388	1.74331
4.71033	1.82589
4.84855	1.69705
5.18156	1.06984
5.75436	0.634547
6.00842	0.431302
6.15915	0.262979
6.20855	0.149474
6.1644	0.0843827
6.18606	0.150386
6.1256	0.180642
5.76516	0.558856
5.26337	0.779361
4.12926	1.17881
3.77924	1.36755
3.50104	1.31113
3.52198	1.30321
3.15201	1.24232
2.89377	1.0297
3.92172	0.637469
4.43414	0.655556
4.74053	0.347791
4.58053	0.297594
4.9043	0.638948
5.74703	1.27469
6.44186	1.18905
6.6928	1.0782
6.7076	1.11994
6.61369	1.21113
6.45865	1.26748
6.16231	1.35927
5.5965	1.51899
5.00952	1.67155
4.96649	1.45045
4.94871	1.41274
4.8877	1.48033
4.78683	1.53108
4.68991	1.55707
4.58377	1.49054
4.37242	1.61382
4.07868	1.70062
3.79736	1.80794
4.16893	1.41977
5.16484	1.31133
5.36849	1.29333
5.33658	1.42245
5.26252	1.40626
5.30877	1.46978
5.3485	1.54274
5.44916	1.65122
5.97376	1.54259
6.20944	1.49123
6.09421	1.48071
6.03048	1.43928
5.96088	1.48135
5.93736	1.53523
6.02888	1.34941
5.98666	1.46837
5.92716	1.40612
2.48438	1.01258
2.68124	0.566959
2.60947	0.717977
2.56404	0.733518
2.54839	0.861124
2.55196	0.616993
2.59386	0.600383
2.65732	0.731584
2.44367	0.560388
2.74826	0.792885
4.4594	1.20414
5.00796	0.954405
4.52003	0.790296
5.57246	1.12265
6.79421	0.921804
7.1264	0.848129
7.13573	0.848273
7.03468	0.81082
6.88296	0.699146
6.76241	0.514983
6.54538	0.282077
6.1879	0.234997
5.95814	0.226176
5.76818	0.106057
5.57053	0.19898
5.3607	0.292968
5.38686	0.429906
5.57826	0.47932
5.87915	0.440927
6.20582	0.57155
6.50266	0.680673
6.63859	0.773347
6.80639	0.94897
7.00588	1.05956
7.14283	1.0863
7.26737	1.13012
7.39699	0.993597
7.34861	1.10139
7.29584	1.18617
7.24143	1.2113
7.09743	1.33496
6.96803	1.46134
6.87778	1.50002
6.68412	1.64937
6.44621	1.74031
6.2609	1.72757
5.95097	1.76795
5.76441	1.68557
5.66807	1.79608
5.54867	1.89405
5.32903	1.80239
5.15188	1.95165
5.02111	2.16976
5.02386	2.03907
5.06617	2.00387
4.95221	1.90278
4.87379	1.98092
5.05228	1.86053
5.24858	1.55455
5.38039	1.49846
5.35339	1.46116
5.23569	1.45955
5.08303	1.61116
5.52221	1.09613
5.96112	0.954645
6.66789	0.784213
7.0271	0.934375
6.48435	1.14569
5.24702	1.24893
5.84373	0.83417
6.64439	0.835124
7.17906	0.738135
7.37129	0.717534
7.36199	0.784717
7.25087	0.926824
7.04075	1.12839
6.7491	1.36893
6.38895	1.49401
5.86347	1.71527
5.15531	1.7864
4.3554	1.70816
3.71074	1.55824
3.57244	1.28779
3.32893	1.21216
3.33313	0.985498
3.20145	0.835239
3.95268	0.44385
4.48001	0.458017
5.26297	0.421779
5.32383	0.77771
5.63315	1.63897
5.58302	2.16884
5.71646	2.29534
5.84216	2.11713
5.85885	1.96263
5.6589	1.85786
5.51991	1.84119
5.23098	1.88905
4.81646	1.91497
4.56733	2.00857
4.33929	2.03589
4.16057	2.11873
4.46495	1.93308
4.95728	1.77167
5.45149	1.67183
5.67588	1.85778
5.8656	1.72411
5.98602	1.62356
6.06318	1.53074
6.11904	1.55939
6.20248	1.57707
6.55095	1.60636
6.91488	1.50728
7.04877	1.48017
7.08663	1.41819
7.05167	1.44201
7.03001	1.47878
7.05634	1.3961
6.91334	1.48359
6.80776	1.49236
6.39034	1.83703
5.63355	1.84003
4.8791	2.07679
4.87869	2.10032
4.89686	2.05614
5.00966	1.97123
5.06507	1.95698
5.57281	1.9941
6.27292	1.71275
6.3724	1.72311
6.51119	1.65863
6.63648	1.60672
6.43418	1.69954
6.32083	1.74937
6.05719	1.77628
5.60701	1.64453
5.56332	1.51101
5.60623	1.59201
5.6054	1.42778
5.61213	1.4756
5.52044	1.50025
5.49752	1.41917
5.51504	1.52709
5.8321	1.40932
5.85396	1.42278
5.92566	1.34545
6.0836	1.26681
6.18463	1.37923
6.5688	1.37964
6.75883	1.35259
6.82626	1.37633
6.82738	1.37185
6.7378	1.44639
6.30415	1.7902
4.77156	1.55869
5.11631	0.668068
5.82155	0.541617
5.84206	1.67494
5.68419	1.78757
4.9491	1.00478
5.93675	0.960887
6.36234	1.5626
6.56531	1.39613
6.73931	1.14985
6.68526	1.10377
6.72927	1.00611
6.73824	0.924892
6.78544	0.943751
6.78542	1.06267
6.77969	1.19944
6.7126	1.34141
6.6003	1.34085
6.57019	1.2994
6.44548	1.3545
6.1002	1.48836
5.98642	1.26446
5.85846	1.12924
5.8638	1.07213
6.1087	1.08353
6.38824	0.935723
6.43672	0.717104
6.23985	0.471946
6.02997	0.459845
5.89154	0.563093
5.88548	0.5102
5.80553	0.441201
5.76567	0.413559
5.34194	0.648417
4.64522	0.824723
3.34366	1.21015
3.20423	1.05027
3.05063	0.911358
3.03913	0.875401
3.23311	0.831813
4.77112	0.634822
5.06467	0.687354
5.20302	1.1211
6.24005	1.21301
6.43452	1.23106
6.45439	1.23873
6.50721	1.2079
6.57884	1.20708
6.59542	1.37424
6.59294	1.46198
6.50047	1.44121
6.35476	1.54154
6.13505	1.53029
5.85054	1.61679
5.85445	1.6427
5.85496	1.70988
5.64473	1.73385
5.18404	1.79498
4.81025	1.80378
4.385	1.96082
3.28891	1.3319
2.89298	1.38223
2.92571	1.1954
2.91702	1.05594
2.76424	0.991389
2.72989	1.04402
2.69903	0.908884
2.67888	0.862543
2.72455	0.853079
3.46916	0.619888
4.67672	0.464814
2.81738	0.800046
2.71559	0.789258
2.50213	0.521413
2.60671	0.746406
2.51105	0.787326
2.45325	0.691968
2.46602	0.826734
2.63307	0.835186
2.82785	0.893125
4.00725	1.36033
3.85252	1.50132
3.92931	1.75801
5.5703	1.5266
6.24379	1.69332
6.58953	1.6928
6.88259	1.64802
6.99623	1.58752
7.18565	1.48506
7.1468	1.55843
7.14072	1.4893
6.86025	1.50744
6.11502	1.6639
5.53801	1.80899
5.4377	1.64268
5.35304	1.70807
5.3421	1.6785
5.77102	1.32098
6.40453	1.18564
6.73118	1.15683
6.75002	1.2556
6.75332	1.22448
6.73137	1.18153
6.57507	1.18787
6.29708	1.29392
5.94541	1.37447
5.71438	0.875665
5.60389	0.52987
5.30609	0.129515
5.09123	-0.0373435
5.16292	0.220782
5.1002	0.337726
5.08824	0.616039
5.57454	0.89426
6.09734	1.06071
6.41516	1.15229
6.55729	1.24538
6.57104	1.34929
6.33715	1.51921
6.03626	1.5839
5.68688	1.38938
5.61155	0.573443
5.63441	0.174602
5.6329	-0.313925
5.47272	-0.552404
5.25062	-0.500521
5.32246	-0.742597
5.28321	-0.699773
5.2836	-0.396528
3.52737	0.496434
3.08759	0.709706
3.00493	0.624335
2.92613	0.619704
2.77878	0.409483
2.86324	0.501953
2.85238	0.488889
2.76005	0.732133
3.87625	0.534159
5.83308	1.4222
7.07189	1.22415
7.27855	1.14652
7.36982	1.12583
7.33405	1.20416
7.36744	1.20483
7.30995	1.20951
7.2683	1.30324
7.22246	1.33609
7.10968	1.49921
7.01894	1.49882
6.71211	1.71524
6.23684	1.78937
4.81045	1.52679
5.24204	1.48695
5.84992	1.57621
5.54691	1.94255
4.32964	1.69935
3.62636	1.25843
3.28318	1.22972
3.30386	1.00724
3.25966	1.11167
3.1102	1.12434
2.97705	0.982992
2.89557	0.911629
2.96485	1.10365
2.83213	1.09299
3.96225	0.298184
4.84053	0.260314
5.27258	0.82175
5.86627	1.57346
6.52562	1.46246
6.64145	1.35808
6.74578	1.27435
6.82535	1.29711
6.90822	1.27497
6.90449	1.2565
6.84314	1.33778
6.79543	1.35477
6.41117	1.71282
6.15719	1.85857
5.78246	2.111
5.59653	2.1781
5.56435	2.09568
5.04177	1.84837
4.7675	1.36306
3.47697	1.35593
3.2581	1.07375
3.15884	1.11755
3.0085	1.10196
2.93362	0.998516
3.38208	0.424118
3.23301	0.44385
3.16209	0.5221
2.82785	0.892253
2.94211	0.89315
2.8829	0.703373
2.73993	0.719927
2.57139	0.765549
2.60647	0.968604
2.60348	0.74251
2.68198	0.719004
2.7838	0.716872
4.55114	1.53323
5.07776	1.7239
5.25192	1.66987
5.88311	1.56161
6.06167	1.57702
5.86495	1.88614
5.98967	1.76914
5.85928	1.65321
5.41639	2.01679
5.08867	2.0485
4.57586	1.99215
3.81248	1.81389
3.24932	1.62041
2.99226	1.63382
2.98506	1.42556
2.85152	1.36582
4.05457	0.277424
4.65274	0.22484
5.06063	0.302061
5.07797	0.827075
5.62972	0.843737
4.50929	1.02182
4.28238	0.385469
5.85928	0.470688
6.01465	1.24749
6.9008	1.32737
6.99175	1.46007
7.00374	1.46125
6.94819	1.45903
6.85	1.48433
6.72586	1.594
6.62808	1.66715
6.40583	1.71144
5.65723	1.99908
4.67518	2.04478
4.6463	2.10479
4.85887	1.95603
5.27451	1.8143
5.61972	1.88009
6.00467	1.70315
6.32654	1.57871
6.57637	1.5641
6.71187	1.50089
6.72349	1.52319
6.39501	1.67451
5.36851	1.93982
4.65094	1.54739
4.5514	0.820081
4.5904	0.681718
4.88586	0.560255
4.7616	0.460519
4.64833	0.317105
4.84376	0.205508
4.84957	0.203078
4.91881	0.137774
4.81276	0.430744
4.76116	0.283694
4.9934	0.40973
5.23662	0.490563
6.08191	1.69509
6.55485	1.79373
6.75339	1.72176
6.85511	1.54545
7.01534	1.38169
7.05962	1.2483
7.07239	1.1518
7.05504	1.02678
6.95677	1.07886
6.82183	1.135
6.51695	1.16843
5.27582	1.36537
3.94025	1.51621
3.58697	1.45135
3.46546	1.14492
3.4912	1.20499
3.47223	1.20623
3.31509	0.927519
3.06447	1.02821
3.40212	0.950846
3.35245	1.27444
3.37518	1.41585
3.43375	1.62679
3.60831	1.72551
3.68083	1.75952
3.75827	1.64882
4.81601	1.81221
6.04436	1.75147
6.39439	1.7361
6.43402	1.75724
6.48223	1.81446
6.51881	1.80417
6.46471	1.84133
6.60802	1.73885
6.74246	1.54463
6.73573	1.57661
6.4663	1.76333
5.01797	1.85847
4.92751	1.29793
5.7174	1.67107
6.45109	1.33906
6.52777	1.19099
6.33233	1.41935
6.04401	1.19503
5.36755	1.33685
5.27471	0.832839
5.32785	0.0972543
5.26234	-0.532134
5.15386	-0.836732
5.19559	-0.786329
5.16329	-0.715606
4.95887	-0.771787
4.73036	-0.76278
4.51397	-0.690988
4.4903	-0.876312
4.53023	-0.73717
4.57137	-0.515376
4.41959	-0.454887
4.57973	-0.283031
4.6316	-0.356666
4.6013	0.348456
5.03036	1.13539
5.65753	1.00064
5.75537	0.989299
5.71903	1.06391
5.65933	1.12898
5.64284	1.16037
5.65512	1.17163
5.78115	1.10578
5.77964	1.30104
5.42999	1.42201
5.40758	1.49621
4.83079	1.60804
4.55356	1.83947
4.16696	1.9168
3.77597	1.85253
2.39284	0.645753
2.75438	0.424669
3.0577	0.353083
4.23983	-0.314644
3.94074	-0.214686
3.77565	-0.202495
3.92313	0.058314
4.08065	-0.0233273
4.18554	-0.0969069
4.26858	-0.0129839
4.16566	0.103893
4.11535	0.106629
3.86692	0.29518
3.93868	0.466006
3.80648	0.490776
3.7052	0.497609
3.73195	0.311981
3.72288	0.478073
3.50886	0.695738
3.38948	0.936249
3.21049	0.963976
3.13694	0.938144
2.9651	0.825002
2.85327	0.909903
2.76177	0.77387
2.63488	0.979737
2.5645	0.895777
2.6472	1.04468
2.60473	0.991326
2.67738	0.955228
2.66723	0.816755
2.63134	0.876605
2.5539	0.682752
2.68492	0.956562
2.73911	0.971406
2.6581	0.654137
2.59851	0.947928
2.78916	0.783169
3.94048	0.880059
5.25364	2.20275
6.29775	1.86592
6.50208	1.80668
6.55507	1.84261
6.29973	1.99292
5.35423	2.20772
5.09194	2.00964
5.92141	1.93044
6.36317	2.15695
6.46866	1.98529
6.5609	1.79808
6.63412	1.67334
6.59939	1.66758
6.60657	1.44097
6.40369	1.56367
6.23781	1.56522
6.01069	1.55484
5.42737	1.51575
4.5512	1.67139
3.89137	1.61744
3.74236	1.68574
3.71415	1.59785
4.21927	1.38418
4.90664	1.40364
5.19424	1.53616
5.33201	1.63414
5.34509	1.6833
5.38452	1.64991
5.30751	1.56652
5.36767	1.46648
5.27395	1.73984
5.10084	2.03529
4.21755	2.22167
4.31541	1.99833
4.58551	1.96325
4.75318	2.04994
4.69918	1.94449
4.7158	1.86498
5.34005	1.4416
6.41627	0.615647
6.86937	0.20417
7.01324	0.108212
7.0076	0.137102
7.00855	0.116954
6.95114	0.193289
6.99151	0.19267
7.04248	0.151432
7.06844	0.193491
6.99778	0.318177
6.84208	0.474518
6.57215	0.78603
6.24798	1.0246
5.73251	1.40413
5.42416	1.36684
5.21814	0.746207
4.75928	0.307591
4.79092	-0.415418
4.6044	-0.43137
4.4142	-0.229951
4.55724	-0.395944
4.73053	-0.46139
4.51149	-0.613342
4.25294	-0.387822
4.11639	-0.0955951
3.75981	0.62178
2.97381	0.822512
2.89433	0.678683
2.77323	0.685179
2.6968	0.621609
2.57002	0.497245
2.65106	0.416899
3.42258	0.484773
3.73497	0.385225
2.78699	0.836675
5.44883	1.20199
5.80085	1.1172
5.93839	1.1742
6.2227	1.21034
6.12106	1.41826
5.71241	1.64506
5.2666	1.77913
5.00253	1.85671
4.87075	2.06639
4.84339	1.94701
4.86919	1.68623
4.80695	1.56888
4.33834	1.54683
3.51252	1.56494
2.81886	1.31925
2.75575	1.02558
2.72167	0.968017
2.71373	0.937589
2.68491	0.991859
5.19597	0.727727
5.1853	0.92863
5.13778	1.18296
6.58978	1.2959
7.26648	1.1862
7.37846	1.24547
7.39512	1.21928
7.4722	1.17513
7.46086	1.19738
7.30951	1.44606
7.34935	1.4062
7.2681	1.35763
7.14219	1.40423
6.99036	1.29357
5.95987	1.3604
5.60471	1.50256
6.66179	1.32571
7.04323	1.24988
7.092	1.24919
7.09912	1.29861
6.94369	1.46705
6.72332	1.63801
6.24028	1.75108
5.26164	1.98303
4.71381	1.98375
4.53699	1.99937
4.31654	1.97165
4.457	1.9725
5.07905	2.04304
5.81725	2.04831
6.27709	1.94299
6.65407	1.81182
6.85341	1.67036
7.02889	1.58218
6.99193	1.55853
6.91391	1.51379
6.84879	1.46066
6.74999	1.54752
6.72893	1.35275
6.59371	1.26177
4.97637	1.57033
4.70323	1.94112
4.64262	1.64416
4.7278	1.8356
4.91436	1.77269
5.93478	1.59251
6.54834	1.32467
6.70414	1.21362
6.84849	1.20496
6.80023	1.323
6.81181	1.31246
6.88086	1.20828
6.78175	1.36997
6.65827	1.53999
6.58578	1.52331
6.27355	1.58415
5.37241	1.85188
4.92327	1.82034
5.02742	1.62747
4.96287	1.67234
4.96619	1.62183
4.96994	1.65093
5.95159	1.07762
6.29239	0.517647
6.28946	0.455777
6.15247	0.465328
6.05213	0.522329
6.0192	0.58066
5.81733	0.78169
5.49561	1.03415
5.33747	1.088
5.04866	0.971284
4.71714	0.724051
4.50537	0.322679
4.59917	0.254743
4.74658	0.485092
4.98364	0.960741
5.55774	1.19915
5.93439	1.14607
6.19814	1.05709
6.31305	1.00773
6.25293	0.880238
6.06418	0.839541
5.53405	0.954401
5.33554	1.05313
5.06356	1.39292
4.92929	1.58726
4.90521	1.57661
5.00023	1.49023
4.96035	1.39405
4.91725	1.36579
4.83583	1.30989
4.72123	1.30809
4.59003	1.27382
4.52732	1.15527
4.55028	1.18854
4.73991	1.0885
5.20248	0.91985
5.90772	0.768359
6.09734	0.851336
6.24379	0.972351
6.18511	1.06196
6.05603	1.25097
5.89781	1.36248
5.84485	1.36957
5.92371	1.36797
5.93988	1.39134
5.83962	1.60088
5.8532	1.39567
5.61502	1.46732
5.27677	1.53417
4.96824	1.56174
4.34663	1.43017
4.28307	1.09532
4.03955	1.12708
3.77036	1.11185
3.6679	1.00051
3.53359	0.910379
3.41779	0.921991
2.98403	0.996637
2.96676	0.924117
2.88289	0.925474
2.8124	0.905413
2.76636	0.599681
3.15957	0.467153
3.11794	0.430168
2.94754	0.697707
2.97706	0.771338
2.98124	0.632081
2.85215	0.794988
2.79354	1.09005
2.85673	0.718192
3.40147	0.287884
2.66235	1.03168
2.70165	1.11084
2.76773	1.00817
2.799	0.973315
2.71179	1.10827
2.56964	1.26833
2.65826	1.17202
2.66078	1.3057
2.62868	1.30748
2.66289	1.16006
2.72767	1.1869
3.11477	1.51067
4.03391	1.36815
3.99122	1.50655
4.79647	1.56376
5.60944	1.68219
5.9914	1.46451
6.22461	1.39501
6.34184	1.34226
6.23448	1.41517
5.42691	1.71669
3.6634	1.71957
3.26518	1.56769
3.11594	1.35565
2.92423	1.40558
2.81339	1.20666
2.82234	0.96401
2.67929	1.21874
3.95538	0.304784
5.39163	1.07588
6.19331	1.75119
6.65718	1.69652
6.94132	1.47568
6.88051	1.60944
7.02431	1.45086
7.11384	1.41136
7.13644	1.46699
7.1358	1.46782
6.96888	1.50921
6.19929	1.71966
4.59926	1.24328
5.12364	1.11621
5.21064	1.78586
4.48804	1.65782
3.44407	1.57542
3.30513	1.43454
3.29822	1.07276
3.17049	1.22552
4.16508	0.445795
4.52718	0.689796
4.89284	0.623528
5.54095	0.564429
5.67659	0.538005
5.809	0.569106
5.84002	0.759132
5.65199	1.29289
5.58347	1.41441
5.39042	1.63522
5.0365	1.81013
4.52961	2.10863
4.20115	1.83655
4.20667	0.964703
4.45472	0.286028
4.25285	0.293409
4.1987	0.183975
4.59203	0.388693
4.61598	0.394034
4.84577	0.10608
4.8904	0.244064
4.79784	0.220209
4.67675	0.75794
4.8967	2.07921
5.67748	2.14948
6.34156	1.5761
6.55159	1.45224
6.7111	1.19772
6.62979	1.11837
5.66994	1.22036
3.69343	1.70315
4.22688	0.949889
5.36933	0.429522
5.69377	0.158775
5.62919	0.0692324
5.29627	0.211463
5.2028	0.280452
5.17594	0.398717
5.35634	0.581089
5.72094	0.774339
6.14484	0.936245
6.28818	1.02612
6.39398	1.10011
6.36892	1.28168
6.35978	1.44115
6.30667	1.56782
6.22776	1.69024
6.24149	1.81018
6.21325	1.84545
6.16344	1.96074
6.18921	1.94462
6.10413	2.06035
5.78269	2.12731
3.90361	1.99533
4.10932	1.6077
5.3976	1.14104
5.70206	1.5892
5.20462	1.70829
4.3056	1.50758
3.69776	1.69537
3.8344	1.48215
4.16352	1.38801
4.9263	1.25114
5.43986	1.25531
6.06903	1.31818
6.44132	1.30833
6.36448	1.33671
6.2549	1.37676
6.24456	1.33082
6.17086	1.41697
6.02031	1.46231
5.78565	1.40845
5.6954	1.42914
5.67838	1.43699
5.79348	1.29833
5.7659	1.29494
5.92829	1.27345
6.11171	1.2814
6.21933	1.38033
6.18308	1.38607
6.00203	1.45875
5.7926	1.57506
5.56	1.48705
4.69767	1.81361
4.19804	1.54354
3.89379	1.30103
3.72078	1.41482
3.80632	1.24505
4.43237	0.952901
4.89023	0.711934
5.04719	0.382153
5.17494	0.255575
5.19195	0.298953
5.26891	0.177062
5.10285	0.441533
4.60722	0.616548
4.52725	0.593878
4.85531	0.140122
4.62145	-0.0539155
4.423	-0.302353
4.36566	-0.343737
4.40968	-0.334761
4.6933	-0.221804
4.74588	-0.282721
5.01532	-0.118949
5.15509	-0.325626
5.04164	-0.480355
4.73923	-0.272858
4.71417	0.345184
5.1064	0.328658
5.3666	0.285895
5.45548	0.242936
5.41996	0.239675
5.40016	0.184656
5.3934	0.214655
5.09316	0.537415
4.68206	0.799341
4.39564	0.323683
4.46025	-0.0313479
4.6327	-0.248079
4.5044	-0.397069
4.42045	-0.526187
4.26495	-0.485486
4.12061	-0.346966
4.10987	-0.541049
4.08071	-0.542844
4.29208	-0.251627
4.12113	-0.570472
3.98559	-0.685137
4.16504	-0.546223
4.09542	-0.274882
3.967	-0.28604
4.06672	0.234268
4.32952	0.669902
4.05887	1.00274
4.60404	0.381447
4.69214	0.268409
4.96025	0.184588
4.98591	0.127557
4.35932	0.42831
4.02507	0.554272
4.14475	0.588501
4.12471	0.511769
3.88291	0.455217
3.69882	0.538854
3.6306	0.291689
3.52447	0.268184
2.87197	0.878559
3.47057	0.35202
3.11454	0.813269
2.99306	0.951014
2.85256	0.960572
2.87558	0.755869
2.82636	0.7012
2.86301	0.639516
2.70987	0.709095
2.7091	0.7566
2.73229	0.792978
2.84426	0.984728
3.0496	1.25411
4.32517	1.55975
5.2906	1.36694
5.28221	1.35323
5.4686	1.35897
5.6874	1.39173
5.71173	1.41296
5.67679	1.46362
5.4695	1.41903
5.17587	1.48148
5.05492	1.50271
4.81847	1.3881
4.58264	1.2691
4.24173	1.18344
3.56448	1.23529
3.13518	1.334
2.98529	1.27276
2.77566	0.905634
2.80947	0.959219
2.81561	0.877519
3.8864	0.374777
4.83315	0.371557
4.95658	0.605516
5.18636	1.88569
5.45285	2.2574
5.8273	2.15709
5.99217	2.13844
6.11295	1.96252
6.18086	1.79906
6.08229	1.58071
5.74444	1.40227
5.00913	1.24144
4.92622	0.623498
5.08524	0.293925
5.01518	0.0636645
4.99218	-0.190622
5.04905	-0.19647
5.08394	0.0786414
5.35001	0.305443
5.40446	1.10316
6.19703	1.84552
6.88109	1.51595
7.03101	1.40229
7.11601	1.24424
6.86509	1.43687
6.23665	1.86914
5.81185	1.40844
5.7038	0.448797
5.75295	-0.251664
5.44982	-0.601306
5.20219	-0.654665
5.03405	-0.837362
4.96163	-0.912197
4.83537	-0.564881
4.83659	-0.589605
5.05382	-0.9192
5.10195	-0.511227
4.85163	-0.278507
4.80334	-0.181785
5.35993	0.809647
6.38582	1.09887
6.71847	1.03319
6.6908	1.21098
6.60401	1.3628
6.53031	1.47219
6.50487	1.55294
6.72299	1.31532
6.81845	1.27298
6.95491	1.1135
6.97168	1.0984
6.85679	1.09197
6.53599	1.13705
5.93748	1.16411
5.43683	1.18685
5.48481	1.1854
5.84162	1.17298
6.23067	1.21523
6.62639	1.15904
6.90177	1.07267
7.04435	1.07755
7.24649	0.878272
6.48964	1.24434
5.29142	0.817141
4.97078	0.386328
4.67986	0.0874435
4.6262	0.162613
4.71858	0.195949
4.54739	0.0691142
4.50567	0.133328
4.87992	0.27885
5.40562	0.208698
5.51503	0.14348
5.40144	0.256587
5.76335	0.795507
6.51778	0.649145
6.81903	0.611328
6.7803	0.591685
6.45113	0.785066
6.0524	0.820033
5.80382	1.01433
5.68429	1.23649
5.69732	1.42425
5.91958	1.42796
5.96896	1.52313
6.02684	1.61758
5.89089	1.61788
5.88145	1.60153
5.87705	1.60794
5.81989	1.62918
5.77813	1.49375
5.58775	1.35296
5.31178	1.27864
5.19117	1.20828
5.20091	1.21898
5.11795	1.26068
5.21208	1.36172
5.47824	1.34414
5.81013	1.27956
5.83697	1.36672
5.85188	1.41797
5.86337	1.23921
5.79911	1.29586
5.84753	1.2071
5.90224	1.09128
6.02334	0.964281
6.00295	0.910921
5.85527	0.871713
5.63716	0.473607
5.30148	0.137398
5.14234	-0.367114
4.94165	-0.569383
5.14566	-0.63536
5.12689	-0.662686
5.30528	-0.804597
5.1774	-0.36723
5.51228	-0.19583
5.66672	-0.0580659
5.8642	-0.0680003
6.05137	-0.135869
6.17371	-0.161299
6.33925	-0.191864
6.47947	-0.133139
6.59668	0.0131513
6.82265	0.0228693
6.99249	0.145947
7.1009	0.264414
7.25558	0.373395
7.34384	0.536004
7.43261	0.633671
7.36602	0.802655
7.19849	1.02217
7.07198	1.20225
6.82868	1.42772
6.61685	1.65886
6.4013	1.69491
5.92208	1.75119
5.04442	1.96733
4.44209	1.83219
4.20153	1.84975
3.95937	1.77162
4.11937	1.62258
4.24744	1.74112
4.42182	1.80099
4.62644	1.69299
4.74005	1.44533
4.88851	1.52104
4.98263	1.41752
5.1412	1.37052
5.22949	1.46605
5.2842	1.43473
5.38529	1.26058
5.39956	1.2055
5.40358	1.07435
5.37855	1.05872
5.33485	1.14405
5.44923	1.12039
5.44563	1.0661
5.41806	0.989176
5.23045	1.09749
4.84156	1.44757
4.44013	1.43801
3.82462	1.55763
3.38789	1.33806
3.41189	1.39387
3.39009	1.06684
3.76718	0.816325
4.26503	1.23728
4.19946	1.47043
5.25509	1.63081
6.28512	1.28574
6.37037	1.48221
6.44248	1.45809
6.2857	1.48452
6.13754	1.48574
6.06329	1.47156
6.18082	1.44697
6.0984	1.42305
5.91346	1.42211
4.9375	1.59213
4.14532	1.62983
4.30267	1.6927
5.09465	1.69049
5.778	1.59715
5.65711	1.67703
5.4893	1.7108
5.60104	1.50833
5.73316	1.53564
5.75962	1.61086
5.69669	1.61891
5.57907	1.63388
5.28159	1.64337
5.25562	1.65319
5.22379	1.72858
5.062	1.88478
4.34854	1.7196
4.03105	1.4052
3.69628	1.53169
3.65522	1.40554
2.73981	0.727706
2.91757	0.708142
2.83999	0.777658
2.89603	0.910073
2.65637	0.836953
2.78734	0.739204
2.75587	0.610232
2.78495	0.684362
2.64484	0.756971
2.68993	0.829159
2.73604	0.859589
3.06703	1.2418
4.19269	1.52175
4.46602	1.69842
5.49516	1.63611
6.26199	1.54905
6.56132	1.54584
6.61091	1.58492
6.63309	1.51274
6.60233	1.50556
6.52894	1.4232
6.23146	1.48796
6.01126	1.4544
5.76627	1.48165
5.79698	1.49672
5.613	1.94311
5.17034	2.00008
5.38923	1.85108
5.73769	1.79149
6.06788	1.82291
6.66824	1.4681
6.99958	1.25252
7.04817	1.12183
6.99989	1.04783
6.94561	1.0507
6.57457	1.27315
5.91429	1.41067
5.24863	1.47834
5.09826	1.4527
5.16992	1.40681
5.44982	1.29983
5.95027	1.17877
6.47643	1.06782
6.7497	0.97781
6.75145	0.915957
6.87599	0.802174
6.8524	0.781796
6.74694	0.737736
6.24829	0.726517
5.10116	1.03809
4.78341	1.10879
4.59543	1.03399
4.32267	1.04908
5.16556	0.511471
5.44464	0.215023
5.65	0.0173582
5.55003	0.0273493
5.53023	0.135313
5.50501	0.201276
5.76947	0.310551
6.17774	0.282308
6.53784	0.283891
6.86821	0.42301
7.04065	0.551358
7.15405	0.680185
7.23442	0.902043
7.36453	0.940635
7.26079	1.08811
7.08649	1.31637
6.71817	1.53684
5.22823	1.49847
4.58184	0.922227
5.77752	1.49177
6.09699	1.77968
5.38472	1.41122
5.12229	1.31686
6.61461	1.92262
6.8388	1.90731
6.94047	1.69664
7.06145	1.55788
7.20423	1.42832
7.2813	1.40915
7.34733	1.34112
7.35	1.27006
7.29775	1.28742
7.13942	1.4505
7.01722	1.56919
6.79326	1.78311
6.17574	2.09374
5.15583	2.04686
4.54897	2.00329
4.708	1.91261
4.77768	2.24614
3.97506	1.74702
4.65631	1.64359
5.91792	1.93412
6.2292	1.82146
6.37533	1.50485
6.48893	1.02597
6.39622	0.741527
6.20238	0.539118
6.08318	0.508179
5.95754	0.784841
5.72619	1.29285
5.24987	1.78697
4.84156	2.02022
4.51665	2.11615
4.03861	1.88488
4.10101	0.940459
4.26913	0.239418
4.18627	0.230328
4.41105	0.3998
4.77776	0.0355388
5.0698	-0.238477
5.17333	-0.0432656
5.36741	0.279801
5.34117	0.440168
4.92799	0.492632
4.95729	1.46677
5.43192	1.90589
5.75319	1.74185
5.86464	2.03871
5.52147	2.27044
4.07287	2.04181
4.42841	1.92287
5.15515	2.16026
5.26084	2.13742
4.73519	2.00738
4.23288	1.87968
4.42329	1.82484
4.68031	1.84529
4.85065	1.71928
4.93463	1.79186
5.317	1.63409
5.87398	1.59286
6.23118	1.36599
6.37476	1.23516
6.40966	1.24274
6.42635	1.12442
6.17247	1.13946
5.2572	1.23085
5.15664	0.514016
5.03215	-0.300543
4.77722	-0.429051
4.51992	-0.541069
4.46321	-0.548637
4.4753	-0.630458
4.46491	-0.820317
4.69389	-0.997557
4.94565	-1.08465
5.07579	-1.10633
4.89943	-1.1632
4.6743	-1.0122
4.69858	-1.00352
4.35149	-0.903675
4.46439	-0.627425
4.26763	-0.292928
4.77779	-0.0879661
5.33743	0.393045
5.94663	0.508716
6.23311	0.699522
6.29128	0.913765
6.29418	1.12879
6.35904	1.27447
6.35936	1.30943
6.30334	1.32531
6.24665	1.3276
6.13679	1.30797
5.89127	1.39058
5.23519	1.92878
4.75115	1.8251
4.65683	1.26018
4.66386	0.908493
4.90707	0.413314
5.1437	0.0321864
5.24398	-0.641357
5.12579	-0.930974
4.76196	-0.833372
4.94785	-0.624932
5.14665	-0.526545
5.35663	-0.150673
5.00778	0.388928
4.81036	1.04861
5.6876	1.59343
6.22972	1.47319
6.42439	1.38453
6.29313	1.4968
6.02936	1.59791
5.68789	1.77471
5.24233	1.87116
4.96874	1.83971
5.01236	1.84291
5.06661	2.026
5.08355	2.11836
4.93447	2.20915
5.54126	1.86003
6.30915	1.48756
6.53148	1.29096
6.62664	1.20122
6.54475	1.28828
6.37596	1.35175
6.32433	1.375
6.24725	1.27924
6.04381	1.29469
5.95199	1.2088
5.68028	1.08836
5.55531	0.862071
5.4441	0.579407
4.97148	0.536882
4.54157	0.42539
4.11665	0.0216193
4.15373	-0.258047
4.33826	-0.433843
4.23365	-0.548688
4.62572	-0.627931
4.69924	-0.403956
4.65309	0.496
5.30635	1.15072
5.56995	1.23398
5.77429	1.13703
5.84249	1.11898
5.6932	1.18722
5.61451	1.07585
5.23034	1.03037
4.44277	1.10643
3.14249	1.14836
3.1011	1.12271
2.97838	1.08546
3.0011	0.944789
2.98226	0.824786
2.93178	0.958511
3.94796	0.2431
5.05134	0.478755
5.54356	0.92451
6.50268	0.844095
6.56755	0.853152
6.58727	0.812728
6.64166	0.819774
6.67086	0.864074
6.74113	0.887782
6.77947	0.950975
6.72223	1.04608
6.6821	1.08672
6.47433	1.20495
6.18901	1.36011
6.01471	1.42357
6.00192	1.49502
5.91662	1.52578
5.70073	1.7151
5.36184	1.7907
5.11461	1.74894
5.10111	1.70199
4.83855	1.95204
4.45494	1.78943
3.85964	1.66178
3.60251	1.22705
3.30292	0.788574
3.31956	0.49427
3.32201	0.395683
3.43576	0.140743
3.44439	0.316208
3.714	0.195749
3.91423	0.201175
3.76123	-0.142412
3.74541	-0.412479
3.84552	-0.215831
4.06485	-0.542829
4.19996	-0.827915
4.07898	-0.8393
4.26581	-0.665636
3.10452	0.0983218
3.88851	-0.00615062
4.17035	-0.219492
4.12469	-0.268969
4.14448	-0.312201
4.36336	-0.217372
4.6683	-0.35484
4.85233	-0.242819
4.8356	-0.124573
5.15089	0.81642
6.47495	1.42879
6.90754	1.17253
7.0981	1.07215
7.20984	1.03857
7.27214	1.00966
7.28098	0.981809
7.18964	1.07904
7.05011	1.06136
6.5796	1.19737
5.18767	1.53392
4.07576	1.70072
4.07013	1.57667
3.98187	1.58663
3.84507	1.53226
3.63403	1.35167
4.26857	0.650943
4.86285	0.376783
5.10875	0.631542
5.18184	0.866939
5.59264	1.05163
5.85771	1.34652
6.19624	1.40917
6.46255	1.26374
6.57655	1.15079
6.38073	1.14248
5.985	0.910071
5.62331	0.188766
5.3967	-0.0968345
5.21824	-0.297371
5.25315	-0.389632
5.27261	-0.0297166
5.52191	-0.0444766
5.65227	0.0181282
5.56275	-0.0498547
5.03654	0.169634
5.16975	0.787473
5.98595	0.716336
6.21237	0.53353
6.10541	0.613748
5.54508	0.963785
5.19107	1.24532
5.2225	1.35927
5.67952	1.15389
6.26901	0.983545
6.89725	0.825416
7.0507	0.905315
7.02767	1.07276
7.04628	1.13868
6.99821	1.2755
6.85354	1.36678
6.61903	1.49443
6.46768	1.41181
6.22105	1.34395
5.78223	1.34843
5.32767	1.46015
4.9413	1.5817
5.05569	1.34917
5.25157	1.52886
5.73049	1.40885
6.1559	1.3956
6.43769	1.43662
6.78998	1.3977
6.91475	1.36282
7.00106	1.31793
6.99618	1.42804
7.04508	1.35117
7.02248	1.30697
6.93902	1.34673
6.84457	1.31371
6.65238	1.28963
6.41699	1.25032
6.00018	1.19409
5.18919	1.26759
4.3093	1.4666
3.78822	1.63155
3.69926	1.47677
4.14592	1.36074
5.30216	1.63205
6.04513	1.631
6.397	1.56738
6.61244	1.54316
6.76777	1.46392
6.86791	1.37044
6.78755	1.30034
6.16927	1.73452
5.30715	1.45369
5.38933	0.630728
5.32051	0.0174666
5.15726	-0.26206
4.90586	-0.382173
4.79626	-0.444266
4.94847	-0.486801
5.02164	-0.424774
5.13327	-0.409085
5.37405	-0.11526
5.38501	0.272562
5.4758	1.20117
5.94945	1.87597
6.42217	1.88844
6.73718	1.50336
6.82263	1.34567
6.56699	1.45341
5.82346	1.4474
3.87375	1.3964
5.32593	0.928504
5.89125	1.50124
6.01008	1.80469
5.29213	1.88585
4.35211	1.87463
4.0891	1.67461
3.81866	1.72603
4.21419	1.71938
4.71458	1.85406
5.34413	1.71399
6.08305	1.57025
6.7327	1.43315
7.16309	1.12503
7.29739	0.977652
7.3189	0.908414
7.34525	0.874289
7.33036	0.819118
7.24784	0.843612
6.70941	0.89151
5.79985	0.709043
5.44773	0.193225
5.62589	-0.330554
5.69008	-0.62802
5.54841	-0.875275
5.3128	-0.852175
5.33765	-0.962749
5.33513	-0.941803
5.51938	-0.609579
5.58254	-0.303465
5.77617	-0.699631
5.63808	-0.487173
5.30527	-0.0651705
5.47635	0.996113
5.68936	1.4848
6.07914	1.46733
6.29227	1.11212
5.35522	1.2337
4.85509	1.70385
4.78177	1.72194
4.76069	1.56276
4.49298	1.66169
4.29779	1.84325
3.82765	1.41316
3.3389	1.29714
3.05449	1.08757
3.00097	0.99901
3.06114	0.90006
2.89883	1.16789
3.01719	0.995162
3.29288	0.526262
3.02431	0.560546
2.7499	0.941189
2.85272	0.829687
3.73275	1.84215
3.79852	1.82341
4.08874	1.82184
4.34162	1.9067
4.49644	1.78004
4.73379	1.78705
5.11305	1.67653
5.3683	1.6204
5.66794	1.76318
5.71292	1.92596
5.34188	2.09917
5.53364	2.02076
5.86016	1.77433
6.37063	1.45043
6.70445	1.14703
6.69288	1.05456
6.58767	1.08897
6.28712	1.17555
5.57725	1.29276
4.3876	1.44175
3.5406	1.42108
3.36935	1.33175
3.34561	1.16793
3.0429	1.13952
3.23962	1.26856
3.74557	1.31353
3.61101	1.30313
3.10764	1.26508
3.40121	1.74582
4.0843	1.76928
4.4341	1.78109
4.67504	1.83609
4.90805	1.63114
4.97808	1.68213
5.17516	1.56152
5.07775	1.58916
5.249	1.484
5.17087	1.60083
5.39852	1.53604
5.5609	1.59996
5.7286	1.62081
5.85634	1.69914
5.8395	1.86444
5.18805	2.00337
5.04852	1.91381
4.85522	1.89404
5.25458	1.45803
5.77164	0.923951
6.01697	0.168641
5.80663	0.137091
5.7072	0.211517
5.72747	0.210083
5.77018	0.180035
5.84516	0.110265
5.90856	0.151907
5.7875	0.393571
4.94031	0.771526
3.83149	1.08387
3.20845	1.15359
3.0597	0.870227
3.13424	0.664535
2.98857	0.735124
4.38511	0.388419
5.01863	0.422009
4.86003	0.698432
5.90566	1.39653
6.63264	1.22376
6.71043	1.13092
6.73223	1.25282
6.7196	1.32423
6.73297	1.32493
6.66299	1.43197
6.58456	1.34371
6.33367	1.29603
5.92819	1.2162
4.57403	1.20668
3.68043	1.53958
3.73361	1.36679
3.52288	1.56431
3.39544	1.58461
3.47378	1.22632
3.35923	1.1369
3.0717	1.20734
3.68086	0.286442
5.14639	-0.383869
5.25309	-0.750607
4.8395	-0.350896
4.43529	0.197727
4.91423	1.13774
5.30669	1.26109
5.28336	1.31617
5.08372	1.45114
5.04293	1.48752
4.9902	1.45943
5.03317	1.37452
5.15939	1.38613
5.37412	1.35654
5.58092	1.31504
5.75093	1.34472
6.03888	1.25792
6.25371	1.1176
6.3874	1.04004
6.4029	0.804466
6.30446	0.769699
6.2188	0.750608
6.20971	0.765744
6.25089	0.777331
6.19404	1.02886
6.14009	1.20043
5.10574	1.592
4.08282	1.55524
3.67884	1.52963
3.62674	1.49111
3.80661	1.59985
4.26075	1.86313
4.73041	1.83786
5.29993	1.682
5.29311	1.79383
5.57586	1.73405
5.67163	1.63551
5.50917	1.74344
5.42729	1.67064
5.16954	1.73519
5.24941	1.66312
5.4785	1.57118
5.47045	1.70688
5.28188	1.82363
4.74064	1.58895
4.15156	1.33923
3.95705	1.31235
3.62007	1.31836
3.41053	0.913074
3.10536	1.04933
3.09231	0.927273
2.98382	0.828916
2.99086	0.710239
2.96823	0.599652
2.84032	0.563241
2.31519	0.827293
2.57004	0.859278
2.6939	0.680976
2.72827	0.50351
2.58172	0.779089
2.88705	0.136192
2.80214	0.34943
2.53825	0.553491
2.45785	0.758549
2.53267	0.478736
2.6727	0.71919
3.31852	1.68945
4.28486	1.76086
4.95276	1.48669
5.0666	1.70748
5.67421	1.28855
6.04033	1.1041
6.14869	1.06751
5.68278	1.20621
5.2866	1.51245
5.07205	1.5248
4.92413	1.51547
4.63905	1.58662
4.27867	1.40075
3.59052	1.48013
3.11447	1.23757
2.9051	1.03549
2.74355	1.08422
2.94378	1.07718
2.83302	1.19297
3.28172	1.01432
5.40465	0.791506
5.63549	0.879643
6.51351	1.02598
7.06535	0.966744
7.21585	1.01024
7.17769	1.09276
7.17332	1.18203
7.11227	1.2931
6.79904	1.50577
5.92273	1.82239
4.52108	1.76191
5.61513	1.80836
6.01426	1.9572
5.53395	1.75563
4.38439	1.70987
5.7681	1.6923
6.71337	1.65812
6.8281	1.67426
6.9832	1.55387
7.07764	1.57072
7.20471	1.46362
7.3537	1.32226
7.46954	1.19032
7.41191	1.13555
7.35188	0.981927
7.28236	0.857836
7.13912	0.708041
6.79349	0.563694
6.16327	0.719783
5.20569	1.27486
4.63616	1.98099
5.03395	1.30953
5.03373	1.26651
4.65145	1.93569
4.59281	2.03227
4.5568	1.93666
4.55803	1.98954
4.65085	2.01108
4.63267	1.94679
4.82422	1.89609
4.78809	1.85262
4.82892	1.84404
5.49786	1.35845
6.24903	0.688434
6.37886	0.55323
6.24965	0.786175
5.91575	1.06493
5.57284	1.19562
5.12045	1.29394
5.09044	0.987209
5.17293	0.611968
5.16075	0.589891
5.31631	0.637654
5.35486	0.932201
5.4296	1.46142
5.7369	1.62254
5.99041	1.67007
6.24131	1.5761
6.32193	1.50025
6.34889	1.40918
6.33964	1.28935
5.96412	1.35655
5.22517	1.43417
4.78825	1.38332
4.62483	1.45104
4.8683	1.44545
5.36227	1.37179
5.94453	1.29775
6.26828	1.27521
6.27524	1.36353
6.04343	1.45473
5.6317	1.52732
5.02611	1.5965
4.34617	1.64491
3.50484	1.56555
2.97211	1.3648
2.79088	0.9839
2.88313	1.07205
2.8533	1.22325
2.77951	1.25197
2.8484	1.06659
3.18485	1.11717
3.17474	1.41362
3.58907	1.652
4.85176	1.52311
5.44868	1.68215
5.97953	1.68447
6.38105	1.56059
6.62859	1.57712
6.88833	1.44167
6.8933	1.52619
6.97739	1.45693
6.94214	1.38305
6.80193	1.37029
6.45635	1.41982
5.66547	1.3824
3.85437	1.72745
3.56734	1.71731
3.4845	1.53104
3.58367	1.40092
3.40252	1.26807
3.16263	1.33513
3.09976	1.27434
2.91773	1.36466
2.92102	1.23897
2.91263	1.17267
2.80717	1.2438
3.96797	0.500806
4.84123	1.27986
5.95077	1.91181
6.57343	1.58369
6.60874	1.55745
6.7041	1.39423
6.67115	1.39358
6.22943	1.56634
5.31271	1.69519
5.19835	1.25045
5.97292	1.39719
6.46428	1.26541
6.58906	1.16713
6.67196	1.17718
6.29193	1.35587
5.63409	1.61493
5.26911	1.25601
5.09117	0.79936
5.33559	0.2562
5.13852	-0.229271
4.99512	-0.611482
4.9528	-0.442503
4.68214	-0.342193
4.50565	-0.512553
4.45598	0.00938029
3.30654	0.782493
2.78024	0.731853
2.61473	0.599635
2.79536	0.791016
2.63574	0.842004
2.69095	0.694823
4.03715	-0.365348
4.93967	-0.190721
4.0428	-0.206183
3.8338	-0.304593
4.35671	-0.0400166
4.81383	0.213642
5.0138	0.104302
5.17533	0.0148008
5.13963	0.0163398
5.09755	0.0949579
5.15244	0.160001
5.30134	0.228718
5.40371	0.270561
5.55809	0.31422
5.91689	0.404902
6.03899	0.617135
6.22905	0.696451
6.39721	0.722502
6.37421	0.993343
6.45803	0.947894
6.31856	1.07273
6.21204	1.13616
6.16097	1.18716
6.17657	1.26509
6.12338	1.55568
6.1265	1.47476
5.78101	1.5647
5.45774	1.60262
5.36368	1.67983
5.47244	1.78083
5.52122	1.62165
4.49153	1.8086
4.25939	1.3805
3.93453	1.23438
3.93127	1.16124
3.78201	0.981754
2.0622	0.940758
2.60448	0.74091
2.67653	0.684424
2.49832	0.839154
2.57039	0.644656
2.5207	0.648706
2.66767	0.894798
2.63812	0.801713
2.83224	1.38331
3.66467	1.7586
4.74968	1.42444
5.1531	1.13724
5.43533	1.18137
5.45621	1.31985
5.59841	1.2161
5.35655	1.40179
4.9402	1.71623
4.82343	1.70509
4.48204	1.82561
4.40631	1.58505
3.9205	1.59351
3.20226	1.44918
2.94558	1.41853
2.84196	1.03146
2.60438	1.0946
2.63386	0.871498
2.60128	0.665132
3.22262	0.452006
5.19841	0.365331
5.02738	0.719716
6.1126	0.781216
6.93274	0.528401
7.12181	0.415756
7.23035	0.476548
7.30084	0.538661
7.31967	0.628425
7.32589	0.572305
7.16676	0.668894
6.62259	0.823703
4.64918	1.33308
4.65872	0.888753
5.9945	0.950649
6.41566	1.20626
6.34193	1.41774
5.9426	1.84334
5.14692	2.12685
5.01709	1.93204
5.11728	1.98697
5.28548	1.81487
5.2737	1.89085
5.35606	1.76314
5.30472	1.74508
5.50927	1.65105
6.13372	1.71592
6.19504	1.67678
6.24775	1.57479
6.12256	1.56421
5.88721	1.49887
5.38294	1.42464
4.22175	1.54102
3.20225	1.53247
3.12274	1.05419
4.34947	0.677385
4.65649	0.979465
4.31743	1.13759
5.90888	0.979549
6.55194	0.884129
6.78609	0.836887
6.54086	1.08332
5.50868	1.32075
5.40155	0.550214
5.42291	-0.385371
5.12316	-0.928665
4.86536	-0.949005
4.96424	-0.893934
4.87466	-0.65405
5.13755	-0.547184
5.0102	-0.344839
4.84421	0.105167
4.47742	0.350968
4.53536	1.03423
5.03579	1.41563
5.32084	1.1317
4.6095	1.14004
3.09872	1.0653
3.02713	1.14852
2.83442	0.901773
3.28998	0.279018
4.40703	-0.259797
5.33828	-0.379564
4.87558	0.130347
5.76353	0.333715
6.07586	0.389493
6.21529	0.508307
6.18806	0.662993
6.16651	0.74923
6.14582	0.890778
6.31794	0.971199
6.00111	0.775037
5.73693	0.664183
5.72582	0.648948
5.64221	0.657362
5.75568	0.600372
5.85962	0.626174
6.01509	0.741942
6.07381	0.657686
6.01118	0.467835
6.04328	0.32875
6.03244	0.289851
5.951	0.34191
5.68459	0.374833
4.99523	0.693968
3.8628	1.16156
3.45165	1.20931
3.29637	1.17145
3.02152	1.27679
3.10202	1.05294
3.6408	0.749897
4.32321	0.351339
4.55823	-0.153952
4.98155	-0.241026
4.95287	-0.318641
5.06396	0.426999
6.13065	0.828998
6.61118	0.847735
6.59558	1.08153
6.66988	1.10933
6.68429	1.15014
5.97971	1.29574
4.31349	1.45289
3.37219	1.30142
3.26223	1.20072
3.10322	1.17474
3.04974	1.00658
3.11294	1.07857
2.97743	0.951627
4.20049	0.75528
5.59854	2.02512
6.58381	1.9997
6.69055	2.15154
6.52291	2.24789
5.97205	2.16947
4.78518	2.1114
5.34804	1.61515
6.12285	1.86555
6.19106	1.82176
5.56577	1.8141
4.76267	1.57975
4.02447	1.69937
4.07445	1.52465
4.24711	1.61423
4.79965	1.44292
5.81582	1.32655
6.22418	1.4744
6.30168	1.58129
6.11126	1.80109
5.74497	1.81056
5.1182	1.53877
4.65508	1.03989
4.51101	0.491343
4.55792	0.227693
4.4726	0.162928
4.44472	0.088617
4.42964	0.383218
4.56887	0.341431
4.7589	0.278699
5.1087	-0.101246
5.20478	0.215912
5.30892	0.699699
5.65386	0.655279
5.77737	0.379379
5.80497	0.19547
5.81548	0.0992884
5.85345	0.0385409
5.79191	-0.037564
5.65374	0.0893402
5.20776	0.239702
4.6082	0.746897
4.2076	1.46981
4.21198	1.85019
4.18474	2.01297
4.38505	1.84174
4.70365	1.34956
5.47262	0.547099
5.65939	0.261325
5.60227	0.142941
5.72336	0.10725
5.65514	0.131098
5.55568	0.126955
5.56134	0.166141
5.4737	0.190204
5.40414	0.199721
5.32332	0.187909
5.27726	0.167119
5.29885	0.152902
5.22128	0.148914
5.21012	0.183402
5.38634	0.183806
5.36616	0.171807
5.20176	0.195796
3.12431	0.670647
2.98687	0.671484
3.01585	0.945306
3.03038	1.12488
2.9698	1.20771
2.64538	0.829955
2.55407	0.944603
2.63749	0.799206
2.57636	0.645467
2.55364	0.634433
2.52788	0.56812
2.71047	0.773692
3.20092	1.29898
5.20053	1.2676
5.92873	1.14275
6.05457	1.43641
5.96691	1.4579
6.07616	1.45539
5.43238	1.59953
5.32706	0.760779
5.30108	-0.0640179
4.94757	-0.360821
4.6994	-0.164677
4.9066	-0.37169
5.01122	-0.210447
3.85228	0.491542
2.72223	0.856372
2.76747	0.688703
2.78434	0.878737
2.7466	0.802757
2.66362	0.630851
2.63942	0.732531
2.73585	0.705442
4.01859	0.543916
4.40389	0.697959
5.17247	1.80461
6.07707	1.93938
6.39702	1.68171
6.67336	1.45637
6.85108	1.36068
6.93606	1.36111
7.01296	1.34291
6.91212	1.42427
6.72019	1.47096
6.42518	1.52908
5.85885	1.60661
5.60252	1.54546
5.59368	1.49461
5.72687	1.37632
6.04095	1.32702
6.37231	1.22669
6.65114	1.15037
6.908	1.06735
6.98418	1.03298
6.94158	1.02879
6.78149	1.14304
6.6071	1.29251
5.97718	1.52605
5.14298	1.56317
5.14648	1.53997
5.12156	1.46756
5.03969	1.50702
5.0088	1.60136
4.87277	1.60682
4.78235	1.53466
4.51365	1.52423
4.11937	1.66314
3.86892	1.68414
3.58888	1.77865
3.68531	1.54359
6.20374	1.27599
7.37907	0.779787
7.50035	0.681658
7.41428	0.841266
7.40728	0.899116
7.40624	0.981625
7.34409	1.15211
7.35307	1.17771
7.18544	1.26658
6.97707	1.39154
6.72194	1.5622
6.54991	1.59242
6.31622	1.66933
6.14212	1.76108
6.23355	1.72769
6.34899	1.64603
6.34348	1.74257
5.67988	2.01089
4.68633	1.82433
5.58849	1.67522
6.66336	1.4033
6.7941	1.32715
6.98919	1.16469
6.85263	1.26949
6.9188	1.2409
6.72074	1.41725
6.1181	1.61049
4.19501	1.76772
3.92021	1.63531
3.59918	1.555
3.77049	1.66714
3.99205	1.68372
4.6451	1.86516
5.59878	1.79678
6.14484	1.75738
6.3211	1.71107
6.46048	1.56927
6.49347	1.48963
6.47563	1.34484
6.27551	1.47641
6.05866	1.48341
5.78659	1.55254
5.55028	1.69414
5.37557	1.81792
5.45242	1.78077
5.86356	1.65206
6.41377	1.47009
6.75709	1.26503
6.89522	1.15207
6.99923	1.00194
7.02324	0.908522
6.91099	0.863981
6.76645	0.901592
6.51254	1.00628
5.88105	1.15466
4.96901	1.52256
4.68764	1.77621
4.40669	1.94518
4.51937	1.87182
4.99473	1.47754
5.77742	1.21239
6.11332	1.08802
6.25972	1.04836
6.35592	1.02015
6.37533	0.986803
6.22614	1.06001
5.93163	1.13604
5.63642	1.22496
5.43533	1.21681
5.22023	1.01961
5.18598	0.829626
5.09131	0.92183
5.23179	0.987175
5.23699	1.18247
4.87008	1.35305
4.51439	1.1487
4.17634	1.01245
3.69817	0.977268
3.64893	0.935667
3.63448	0.815634
3.99904	1.01602
4.88481	1.00961
5.55053	1.08655
5.14265	1.19043
4.15311	1.54387
4.41204	1.26398
4.86131	0.895794
5.79775	0.439768
6.18101	0.307718
6.42266	-0.0189628
6.38037	0.0709215
6.24945	0.148546
6.25585	0.0929116
6.32655	0.0970256
6.27586	0.230545
6.24103	0.373938
6.15385	0.603712
5.72485	0.846746
5.25122	0.949065
4.63574	0.620199
4.07217	0.231411
4.02974	0.0139762
3.99299	-0.222509
4.46914	-0.162735
4.60383	-0.0249559
4.93931	0.796867
6.06697	1.27681
6.31719	1.25914
6.34075	1.34051
6.35892	1.36534
6.21552	1.43231
6.02167	1.54046
5.69101	1.69557
5.48045	1.614
5.15427	1.38648
4.70282	1.21269
4.1962	0.749212
4.03616	0.470015
4.09918	0.437027
4.90616	0.806243
5.58311	1.32923
6.10536	1.31593
6.46536	1.07352
6.60937	1.00473
6.47608	0.955387
4.92492	1.60134
4.75386	1.81161
4.92462	1.77154
4.83398	1.75612
4.76606	1.75706
4.74977	1.77611
4.81257	1.75925
4.85214	1.68514
4.84067	1.63578
5.72117	0.904673
5.94163	0.294078
5.96598	0.115734
5.98108	0.167802
5.92843	0.229548
5.83304	0.356072
5.63156	0.557131
5.23346	0.719196
4.73017	0.800737
4.28862	1.00273
4.04982	0.986097
4.27327	0.958502
5.09596	0.859061
5.8194	0.889953
6.22246	0.954095
6.01793	1.00604
4.42416	1.50085
5.54515	1.38051
6.37062	1.29097
6.56084	1.32589
6.66834	1.41759
6.76013	1.46124
6.80823	1.50021
6.8751	1.41902
6.89386	1.41579
6.85658	1.4596
6.8835	1.42538
6.93771	1.38256
7.00072	1.32722
6.89792	1.3577
6.53943	1.48802
5.24661	1.67116
4.64204	1.99705
4.58458	2.0108
4.66628	1.95122
4.65446	1.87432
4.63404	1.77354
4.53203	1.67228
4.32088	1.72021
3.91297	1.73136
3.46685	1.51618
3.18348	1.19203
3.23674	0.956226
3.04723	1.07079
2.88014	1.1061
2.86814	0.932597
2.84843	0.867818
2.7443	0.901072
3.74627	1.06861
5.92084	1.24276
5.60975	1.3522
5.97378	1.36249
6.29546	1.24414
6.56538	1.02369
6.55545	0.991962
6.17242	0.901914
5.77059	0.784875
5.63298	0.674349
5.16775	1.13623
5.12618	1.14139
4.99919	1.24638
4.91087	1.26006
4.92376	1.04236
4.86574	1.0301
4.9942	0.887376
6.17416	0.86304
6.60101	0.89458
6.88503	0.908408
6.92672	1.14701
7.0422	1.2485
6.90449	1.62051
6.87579	1.75409
6.85807	1.71938
6.63953	1.95024
6.46101	2.06893
5.93519	2.25204
4.76646	1.50301
4.97168	0.287611
5.6107	0.614381
5.34832	1.4673
4.26581	1.50469
3.39804	1.60416
3.44047	1.7348
3.504	1.70548
3.49861	1.65993
3.45813	1.71677
3.47227	1.60663
4.96092	1.32378
5.83894	1.38058
6.4748	1.28798
6.72597	1.12944
6.69183	1.29722
6.78008	1.24397
6.57117	1.38018
6.13133	1.64921
5.75708	1.693
5.62668	1.67906
5.51813	1.70261
5.51529	1.65643
5.47283	1.8201
5.70136	1.64903
6.13246	1.45205
6.4517	1.38008
6.44786	1.43343
6.37676	1.50987
6.26966	1.43736
5.5842	1.61141
4.24242	1.54311
3.41162	1.30856
3.11955	1.46476
3.14293	1.29645
3.12717	1.27917
2.89221	1.02981
3.10739	1.04715
4.37016	0.964184
3.57137	1.25936
4.29825	1.56904
5.54293	1.45799
5.51799	1.70809
5.74041	1.64154
5.83354	1.57344
5.98038	1.46903
6.05116	1.47779
6.05099	1.65043
6.11987	1.57339
5.84127	1.47365
5.73228	1.55456
5.21963	1.47034
4.72248	1.24014
4.74053	0.587872
5.27256	-0.15858
5.27964	-0.285638
5.43851	-0.704722
5.39149	-0.618747
4.92949	-0.763807
4.76483	-0.833484
4.50682	-0.918739
4.07035	-0.618033
3.39854	-0.25766
3.02125	0.547677
2.77769	0.718665
2.69069	0.544696
2.70799	0.657553
2.7336	0.679669
2.90183	0.581853
2.82543	0.537331
4.27299	0.366736
4.64303	0.669215
4.50022	0.75996
4.77146	1.50364
5.74704	1.28454
5.74109	1.40199
5.48221	1.6889
5.17871	1.9111
5.36333	1.72606
5.7693	1.55562
5.42747	2.00204
5.49878	1.71695
5.21467	1.66787
5.05046	1.63898
4.85763	1.68045
4.35645	1.2322
4.20902	1.1785
3.91333	1.06495
3.68254	1.02026
3.39349	1.10549
5.00763	1.29668
5.18224	1.29983
5.13134	1.51275
5.43199	1.65864
5.62795	1.83991
5.4686	2.02355
4.84788	1.83846
5.18132	2.08649
5.67682	1.78778
6.30711	1.37219
6.59879	1.09719
6.67454	1.11834
6.76041	0.968556
6.85421	0.987464
6.67629	1.29116
6.0556	1.3488
5.6655	1.09867
5.51845	0.682958
5.52436	0.0355152
5.51728	-0.337069
5.17273	-0.485687
4.94663	-0.30383
4.87637	-0.247631
4.79914	0.260711
3.91859	0.455941
4.44077	-0.681545
3.39538	0.282482
2.95261	0.602851
3.57901	0.851859
4.92542	0.862764
4.62193	1.06215
4.22992	0.976114
5.95545	1.28713
6.76106	1.25577
6.86915	1.48717
6.91494	1.66213
6.92315	1.69023
6.98809	1.5735
6.97048	1.58492
7.05852	1.37609
6.87542	1.48867
6.7534	1.4854
6.57608	1.56951
6.29753	1.62843
5.97699	1.78216
5.80967	1.82652
5.76884	1.76071
5.72579	1.89467
5.8525	1.85246
6.09023	1.77524
6.22141	1.6994
6.24293	1.69661
6.22098	1.68849
6.09719	1.80526
6.12497	1.6936
6.04221	1.74641
5.86906	1.75304
5.7176	1.7469
5.7772	1.63406
6.00189	1.55428
6.29657	1.37864
6.43972	1.4853
6.57129	1.35779
6.33763	1.52397
5.96642	1.7229
5.09705	1.69073
4.88587	1.00639
4.79093	0.521409
4.66154	0.345668
4.5447	0.391263
4.23778	0.336565
4.16458	0.163169
4.25571	0.173995
4.55142	0.121559
4.83969	0.134874
4.98924	1.23413
5.77034	1.78593
6.15152	1.92869
6.52601	1.5827
6.68356	1.43787
6.80885	1.26732
6.76195	1.27569
6.75349	1.33918
6.5703	1.61584
5.90752	2.08806
4.24931	1.63249
4.86475	1.68072
5.29441	1.98477
5.14392	2.13811
3.96346	1.90122
4.72221	2.0328
5.47098	2.18286
5.74904	2.20369
5.82044	2.03916
5.5997	1.82126
5.23626	1.64731
4.47737	1.70659
3.75242	1.8128
3.39238	1.57896
3.12969	1.33293
3.069	1.26257
2.93697	1.18126
2.93969	1.10008
2.96236	0.996365
3.60976	1.13542
3.25577	1.01693
3.13755	1.19141
4.11866	1.58901
4.88578	1.35481
5.35012	1.256
5.58475	1.16638
5.71403	1.1572
5.72524	1.13902
5.5753	1.01482
5.31231	1.02729
5.1883	1.05113
5.22206	1.07783
5.28003	1.02103
5.39281	1.14739
5.65324	1.1698
5.99494	1.26478
6.15173	1.28997
6.32682	1.20914
6.43959	1.2219
6.43491	1.22492
6.41303	1.16226
6.31158	1.19779
6.12042	1.30823
6.0172	1.49669
6.03526	1.59684
6.11042	1.47263
5.7466	1.618
5.31188	1.71097
4.78593	1.72494
4.0937	1.8245
3.15657	1.41539
3.09741	1.38122
3.09204	1.21907
3.10752	1.03124
3.08071	1.04708
2.90413	0.975064
3.59799	0.815666
3.93585	0.974207
3.61549	0.879496
4.17147	1.04192
4.17648	0.748081
3.58783	0.36279
3.62504	0.543163
3.54411	0.572251
3.24361	0.725594
3.24912	0.985823
2.93014	0.864676
2.93734	1.0753
2.84195	0.978111
2.62725	0.8503
