-1.83931	-8.06226
5.35758	-0.392521
4.61493	-9.21591
8.38447	-7.35576
3.56698	-12.1017
6.91684	-0.960031
5.62923	-3.73427
3.97578	-5.93626
7.73002	-3.12419
5.54282	-7.62817
1.97713	-4.89871
9.32306	-1.12538
1.59983	-12.5581
-2.63812	-18.9098
-0.451566	-19.0383
5.65202	-23.7019
0.478256	-16.0434
-1.26518	-11.3563
-2.89757	-7.93066
-3.11705	-8.60674
-4.83263	-7.41121
0.822799	-10.2005
1.70137	-11.0731
3.46891	-7.87125
2.46774	-13.5095
-0.107235	-13.355
-2.9407	-9.12179
-1.47279	-9.39274
-1.46412	-13.9233
-1.23587	-10.1138
-16.3405	-8.08887
-17.3406	-6.87934
-15.6144	-7.93889
-11.9247	-10.2029
-8.4991	-14.846
-6.20918	-17.6126
-4.76546	-18.4629
-3.46332	-19.0028
-2.37776	-20.4865
-1.09881	-20.2568
-1.43884	-20.2839
-1.59941	-21.2083
-4.39299	-23.5144
-2.71749	-24.0466
-1.59805	-24.7264
-3.48552	-21.2281
-3.6842	-19.0185
-2.18774	-16.0369
-0.857704	-14.1973
-2.77488	-11.3656
-3.8956	-9.20117
-6.86914	-6.42244
-9.65464	-6.94854
-11.7844	-7.03217
-11.4974	-6.48239
-13.2021	-6.64334
-12.035	-7.42093
-9.91412	-7.44449
-9.64791	-8.41151
-7.50715	-12.1141
-6.61424	-13.9289
-4.05539	-19.5106
-4.28097	-23.4872
-3.68338	-25.4894
-4.2424	-26.5214
-3.32987	-26.5378
-2.52229	-26.621
-2.53324	-24.3096
-2.19339	-23.7696
-0.430784	-26.1068
-1.41377	-23.5915
-3.02289	-26.98
-4.37685	-26.123
-4.64622	-26.9266
-3.78428	-26.622
-1.31083	-25.8573
-1.23209	-26.203
-2.70469	-23.6411
-1.46289	-23.0999
-0.0793629	-24.2414
0.198171	-25.546
2.578	-23.0874
-0.537534	-21.1782
-1.1519	-21.4138
-5.03107	-18.7579
-9.38576	-12.146
-4.73696	-16.2542
-8.28423	-12.913
-13.8306	-19.8601
-10.601	-21.9679
-8.46129	-20.9197
-3.67275	-22.0781
-3.22998	-18.2551
-1.55879	-14.9825
0.417163	-14.3662
1.95008	-13.2176
3.29584	-12.4988
4.26567	-11.7834
3.66051	-10.3781
4.2283	-9.43216
3.44088	-8.03199
3.59532	-9.59945
3.14133	-9.28263
2.42765	-11.0287
0.646197	-13.844
2.42804	-7.5774
-3.29909	-8.76488
2.99079	-17.5004
2.02647	-17.8806
0.182076	-15.3227
-2.33772	-13.2835
-3.00464	-13.7841
-1.21427	-10.4245
3.49006	-12.6432
5.1085	-13.2221
4.66831	-11.6101
9.9733	-14.7497
6.85076	-10.2353
3.59466	-11.8021
-4.51182	-8.81842
-7.10074	-10.9042
-14.0026	-10.1418
-16.9615	-8.27281
-20.5729	-9.53851
-21.0478	-8.72708
-19.8419	-9.47377
-19.8226	-8.05351
-18.3086	-8.85784
-17.5897	-10.8832
-15.1463	-10.0498
-10.6873	-14.847
-6.76551	-19.4589
-6.97438	-14.2886
-1.89766	-14.8876
-2.70467	-9.72943
-3.51124	-8.91974
-6.05428	-6.07885
-6.46747	-3.50014
-8.32365	-9.21989
-6.96189	-8.24619
-7.10532	-4.60233
-9.05765	-10.9941
-9.31266	-4.57621
-6.17522	-2.84947
-7.14403	-6.30817
-2.86064	-3.51011
-2.95211	-2.53973
0.496013	-10.271
1.75019	-6.30272
0.783087	-4.99229
4.32022	-13.5881
4.63979	-13.5646
0.35238	-12.6325
-0.362844	-10.4246
-3.15721	-14.6154
-2.78647	-9.35163
-1.70028	-16.2735
-6.41161	-17.7608
-5.81469	-17.7082
-4.7747	-17.1417
-5.86227	-18.3445
-7.39788	-19.4042
-6.54947	-21.1378
-5.31541	-22.9881
-2.15913	-23.1867
0.0423754	-26.4555
1.84777	-28.6275
0.640592	-26.2037
2.16108	-29.5213
0.64466	-25.7875
-4.75342	-23.0159
-7.77514	-22.658
-6.85271	-18.2062
-5.70414	-14.8704
-4.90915	-12.453
-5.73924	-9.73018
-6.99448	-8.80357
-6.88291	-6.58947
-3.2247	-5.73098
0.00245318	-10.0799
-0.371495	-5.25068
-3.96376	-8.87083
-1.075	-13.051
-2.19158	-12.8202
-0.10602	-14.4661
-2.73967	-13.6304
-4.28132	-22.6104
-6.67114	-24.1525
-8.12301	-27.0445
-8.81969	-25.6406
-8.46226	-26.4169
-7.49716	-25.9901
-4.75308	-27.994
-3.7086	-26.3365
-2.27331	-22.9262
-2.78137	-19.9379
-3.44744	-14.9018
-7.50023	-14.4024
-1.19879	-11.4494
-2.80293	-17.4756
3.89936	-13.5942
4.44585	-17.3583
-2.95852	-21.4251
-1.9748	-23.7553
-3.34888	-22.0281
-3.49626	-23.4731
-2.75027	-22.0629
-2.56699	-21.8102
-0.347403	-21.1611
-1.53672	-17.4746
1.91885	-18.345
0.249108	-14.5313
-0.830466	-18.8409
-1.92632	-15.6884
-0.202975	-11.9063
-0.67026	-12.333
0.590845	-13.8778
1.32294	-11.4404
3.23442	-10.2952
4.25844	-9.30648
3.1824	-7.80503
3.15068	-10.9158
3.94524	-10.168
4.45812	-9.6466
1.3664	-8.55079
-0.832477	-12.6421
-5.62309	-14.1265
-9.75544	-8.54266
-7.78927	-14.2532
-0.670395	-22.8929
-1.92044	-22.2556
-0.381672	-17.299
-0.714525	-18.2978
-2.54001	-21.5278
1.31931	-18.7925
5.47474	-19.3721
5.78971	-13.5754
10.747	-1.96699
7.0077	-1.10194
3.999	-7.93701
2.15612	-7.68157
-1.4215	-12.3305
2.41229	-7.28999
7.8358	-3.05257
2.32811	-7.06847
4.89072	-4.97241
2.43766	-2.90954
3.08245	-5.56492
5.14493	-8.04423
3.49054	-6.17399
2.34156	-2.73837
5.10795	-8.9175
0.000778613	-5.13391
2.23911	-9.12586
3.96218	-4.75341
2.49665	-10.5701
7.98306	-11.8368
1.18375	-6.77494
-5.20506	-9.96035
-5.10048	-10.1548
-3.29262	-9.18019
-5.96195	-10.5794
-6.87237	-6.85372
0.745451	-10.0988
-1.69498	-8.17495
-0.616497	-9.40054
-2.96025	-9.3317
-5.0855	-9.24149
-5.49361	-10.6668
-0.0448026	-8.69831
0.464256	-15.2881
2.81337	-17.7327
3.00759	-13.3132
1.88005	-11.2164
-0.0210179	-7.62124
-2.52868	-8.31133
3.50994	-8.35801
6.00025	-8.22924
7.88053	0.0933732
0.828853	-4.29668
6.77674	-2.52638
4.96303	-2.73051
6.73112	-4.98037
2.02102	-3.73585
5.31962	-1.5467
1.62806	-8.15724
3.10315	-5.20189
5.19547	-5.80277
5.43424	-5.18935
3.40377	-3.4413
0.884895	-6.40768
-0.102953	-2.61855
-18.7209	-12.726
-16.9449	-13.8197
-8.14681	-9.67542
-5.18723	-8.14954
-1.78097	-6.45191
-19.6649	-7.99088
-19.3198	-5.58735
-15.368	-2.79193
-10.1902	0.975923
-5.93782	1.04891
-1.86064	-1.91555
1.5804	-5.91198
2.31347	-9.50204
0.512313	-16.7691
-1.03589	-22.3402
0.879185	-18.419
0.9754	-21.1013
-3.60284	-14.8332
-11.235	-12.7754
-16.023	-10.9769
-13.36	-10.8406
-12.5747	-14.8171
-15.1287	-13.9827
-12.1772	-15.8328
-11.9871	-18.5116
-11.5458	-19.2221
-9.99608	-18.7029
-6.05295	-16.2837
-4.10709	-13.5588
-1.22678	-12.4708
0.240838	-11.9211
0.775898	-11.2063
1.2657	-11.6925
0.292132	-10.7734
-1.65855	-8.94225
0.480385	-13.6212
3.92838	-15.7151
2.35312	-14.5236
0.605529	-13.1055
-0.841853	-11.1451
-1.22349	-11.4916
0.400991	-12.0398
-0.84664	-14.5171
-3.34479	-16.0745
-6.58141	-15.3651
-7.96232	-16.5073
-10.8681	-15.8496
-11.7181	-16.7946
-13.7262	-15.7413
-12.3879	-15.7961
-7.84575	-12.2354
-3.09438	-16.6124
-3.86276	-13.71
-4.72907	-15.069
-2.63674	-11.1398
2.78396	-12.0947
-5.40642	-2.61851
-17.3764	-1.75133
-11.1681	-12.2759
-6.06392	-12.6908
-5.78039	-17.4267
-0.18853	-16.1872
1.05844	-9.74535
-0.40849	-5.62544
1.06766	-11.6422
0.742326	-7.81145
3.29181	-3.76581
0.219056	-7.18309
-0.0279105	-10.2696
3.60483	-7.01093
-5.71014	-0.985084
-13.5651	7.80437
-14.6667	4.28944
-9.56001	0.577647
-6.77061	0.445971
-14.9465	-3.32912
-15.0068	-2.78066
-14.703	-2.66302
-14.7286	-0.6764
-14.9514	-2.48806
-14.0685	-5.33139
-10.9803	-6.14965
-7.59579	-10.8057
-4.69292	-13.5493
-1.28313	-16.9436
-2.12932	-19.3814
-4.70415	-6.0083
-1.16957	-10.4287
-3.62403	-11.0064
-2.34258	-9.10988
-0.692852	-5.16472
-0.904162	-10.9756
1.26726	-8.99475
0.972847	-7.47913
-2.50049	-9.72505
-9.05625	-6.39274
-19.919	-2.01367
-11.5619	-2.11681
-9.11941	-7.91237
-12.7313	-9.2682
-11.4345	-8.15457
-9.39452	-14.8403
-6.97922	-14.5928
-6.62316	-16.7579
-4.57143	-19.259
-6.23683	-18.2151
-5.69376	-15.6219
-5.31406	-15.8559
-4.97255	-15.5548
-3.24561	-13.7211
-1.87222	-12.4736
-2.93611	-7.73698
-3.3007	-6.34197
-6.29761	-9.18821
-0.0579445	-11.1807
-0.0118737	-5.36471
5.44922	-1.20349
-2.40598	-5.53287
1.56106	-0.0720314
-6.44689	-9.78091
-2.31679	1.66072
-3.39817	-5.76198
-6.67327	-8.33739
-6.98097	-6.69645
-9.12607	-4.50567
-7.40482	-4.1507
-1.67015	-6.40975
-4.72373	-1.64067
-9.40369	-3.86659
-0.12828	-1.80076
1.87618	1.46184
-2.98159	-5.55019
-0.581712	-4.36646
-0.0274819	-3.76494
-2.11762	-6.84424
6.84818	-4.90845
4.96823	-6.64598
6.72532	-0.969623
3.63778	-6.06878
8.802	2.84475
6.55817	-4.21327
2.48564	-3.76734
5.66367	-6.88886
6.54658	-10.2315
7.09621	-12.7212
-3.51057	-17.8935
-3.8326	-9.41386
-0.445929	-11.8608
-0.449856	-11.845
-4.67167	-7.11965
0.560925	-12.8149
0.308242	-17.0838
0.872033	-20.2308
-0.330282	-20.3706
0.276733	-14.5374
1.19153	-12.9317
-0.637233	-12.4314
-1.52547	-10.1838
3.4357	-9.91698
-1.11277	-6.32187
-0.585248	-8.53122
-6.71096	-15.4423
-2.66965	-13.3553
-4.05278	-14.5958
-10.3071	-27.1915
-9.72856	-25.727
-8.35048	-24.0072
-7.98265	-22.2438
-7.47768	-20.6028
-6.93205	-19.8339
-7.49887	-19.3316
-7.168	-21.8155
-6.93839	-24.643
-4.18642	-27.5462
5.42163	-23.5407
-0.83454	-22.0105
0.701313	-20.5737
0.412316	-19.2878
5.33689	-16.4897
0.191177	-15.7964
-5.34746	-12.8838
-3.99894	-3.4313
-2.7289	-3.82928
-1.96474	-4.20171
-3.44101	-2.28033
-4.52755	0.108656
-3.44407	-4.10965
3.30552	-0.846018
2.90242	-6.66203
5.76658	-13.28
8.75826	-12.294
1.81151	-13.4005
6.2725	-13.8385
-0.635482	-10.2891
0.996186	-13.915
-3.057	-23.7809
-6.82054	-24.8626
-8.98764	-22.0909
-8.70704	-21.6474
-11.4124	-21.2691
-10.6566	-20.1156
-10.54	-20.0993
-9.79385	-19.7847
-9.21423	-20.8845
-9.95922	-22.4271
-10.9481	-23.1292
-10.3595	-22.9776
-8.06475	-21.0797
-5.50433	-19.0917
-4.16089	-16.1078
-1.80427	-14.4473
0.000938815	-13.4106
1.13618	-12.4035
1.25369	-10.6517
0.152693	-9.00087
-2.25258	-7.96609
-4.87577	-8.82876
-0.842998	-12.4424
1.56871	-9.95241
4.87648	-11.0145
3.38448	-10.5804
8.05414	-9.32053
7.30929	-11.3302
3.99779	-7.35795
4.11849	-12.834
3.56577	-12.768
0.25613	-12.3508
-9.38511	-7.05355
-13.0481	-6.5774
-12.2094	-4.98744
-10.4077	-4.89828
-7.44447	-3.32686
-7.30977	-3.88103
-6.49406	-5.10998
-5.49586	-5.07238
-3.59261	-6.98114
-3.67812	-4.76512
-6.68096	-2.60519
-0.0483909	-9.47242
1.11706	-1.77251
-2.92174	-3.39722
-3.20521	-1.48657
-4.64236	-2.84144
-1.4165	-6.61141
-2.03695	-9.67794
-4.22758	-7.29559
-3.19415	-10.6762
-4.78401	-9.7567
-5.51441	-8.42545
-6.09505	-8.39907
-5.91406	-9.14037
-5.71327	-8.94553
-6.00797	-8.23506
-4.79499	-10.2173
-3.74864	-14.1123
-1.57252	-17.6271
-0.302769	-9.39505
3.50453	-9.40176
-0.060976	-14.7368
1.01382	-16.4654
2.58282	-17.6573
3.3809	-17.1523
-1.53233	-11.5213
1.41274	-17.9034
2.81174	-18.6132
4.68532	-20.7399
2.65623	-19.13
3.28679	-18.6774
3.23695	-17.3266
4.09352	-16.5303
-0.707209	-11.0558
-2.61431	-9.52095
-4.10913	-10.0364
-4.65657	-10.0474
-5.08795	-10.9423
-6.39681	-11.6456
-6.93669	-12.0509
-7.23879	-13.4666
-7.419	-13.9344
-8.63587	-15.5886
-10.1233	-16.5913
-11.9503	-17.0245
-9.44631	-21.1832
-8.00777	-23.1607
-7.00032	-22.9671
-6.94605	-23.4329
-5.85846	-26.3273
-6.17833	-25.6275
-4.50582	-24.9375
-7.82199	-23.3622
-7.40406	-25.1414
-6.38423	-20.5216
-4.82679	-16.4319
-8.69319	-9.1518
-1.39782	-7.66612
-5.91769	-8.83688
-0.662445	-5.59863
-4.40828	-8.57587
-9.41487	-10.5152
-9.12141	-5.87731
-7.72549	-3.78642
-7.58647	-6.50031
-3.29416	-3.21627
-6.18019	1.06941
-1.9598	-8.67341
-1.88768	-10.4404
-4.55692	-15.5652
-2.78696	-11.5249
-2.39634	-9.67132
-0.614565	-8.48402
-2.44126	-12.7731
-3.11703	-10.8878
-10.9142	-20.4389
-3.52317	-16.6241
-2.25191	-12.6376
0.942058	-10.0378
3.34575	-7.91844
1.51527	-9.31466
-1.71783	-4.31432
-7.83627	0.803766
-7.29725	-0.183328
-6.84873	2.99587
-10.4863	1.04835
-7.29703	-2.71184
-4.49426	0.909967
-4.51295	-0.305929
-6.39366	-0.000812906
-4.15842	-5.94881
-7.38654	-4.01526
-9.07879	-9.39792
0.0555367	-3.81151
-3.22991	-12.1015
-3.69927	-13.9363
0.667393	-19.4401
4.14144	-19.0812
8.72669	-19.6145
1.5642	-22.8947
1.69569	-22.1811
1.35929	-19.292
1.25557	-17.9898
1.01833	-18.2082
-0.0771705	-18.2402
2.47073	-14.8796
3.7829	-15.878
4.07474	-16.0057
3.97103	-15.0344
3.59634	-15.8177
-3.12958	-12.5742
-8.92405	-9.41737
-8.52748	-7.35481
-6.65798	-8.0441
-5.42441	-9.70459
-3.78603	-11.6304
-3.59467	-17.5632
-2.43709	-23.7424
0.543787	-23.9478
0.376487	-26.4701
0.396636	-27.7006
-0.3019	-27.9249
0.357271	-27.4171
-0.773683	-27.4393
1.03804	-26.2971
-0.191871	-23.7003
0.0952838	-21.7818
0.75324	-22.789
-0.554367	-25.867
0.282057	-23.941
-0.270097	-24.201
-0.090147	-21.2094
-1.60333	-17.9904
-2.93393	-16.3088
-2.02487	-15.7013
-2.38896	-16.6421
-2.98905	-18.106
-3.83786	-19.9234
-5.29789	-21.2568
-6.81062	-21.6002
-1.15735	-21.1538
0.426309	-21.6245
0.450051	-22.3087
2.10206	-23.4602
0.989508	-24.1737
-0.556049	-22.652
0.084348	-22.2244
0.389034	-19.7962
-1.86539	-16.0529
-1.60731	-14.0725
-5.35995	-10.177
-4.23374	-11.5579
-5.71515	-11.3419
-5.15055	-16.136
-5.67509	-15.2954
-5.78297	-13.2927
-6.92348	-9.70266
-8.54457	-7.19051
-11.6683	-5.6406
-14.0608	-5.00045
-15.6649	-3.95125
-14.3674	-5.57496
-7.01991	-10.1807
-4.94478	-19.9584
-2.10092	-21.6534
-6.5281	-16.7882
-6.08547	-26.2328
-10.8202	-22.5345
-13.7809	-19.6171
-14.7259	-17.274
-14.3807	-16.3989
-5.31688	-17.2527
-4.43333	-19.6588
-3.40422	-19.6785
-3.56264	-20.1413
-3.55292	-17.7608
-1.45749	-18.9667
-0.527207	-15.2865
-0.346087	-14.0269
0.123224	-8.9108
-1.28837	-10.4906
0.293688	-6.26389
1.67355	-11.1372
2.72976	-11.9039
-1.6986	-4.4351
-1.07636	-8.5423
-2.1402	-11.0142
1.36884	-8.07364
-2.85182	-13.0761
-2.21554	-13.285
-2.65835	-18.3193
-5.92336	-14.4571
-3.78059	-13.4929
-4.26473	-9.58834
-4.34709	-8.94986
-4.82532	-10.1088
-5.11811	-10.5136
-2.1835	-9.90638
-2.12664	-7.78321
-2.02276	-7.04739
-2.98486	-10.5334
-2.99066	-11.8627
0.157033	-11.848
-0.480988	-10.2796
-1.27043	-15.9731
5.14248	-3.53939
0.477093	-10.5698
-4.72238	-18.045
-5.38935	-4.30409
-3.51455	-0.228877
-3.77578	-1.35287
6.48879	-5.97724
4.4634	-10.0629
3.29652	-13.3085
5.56239	-18.5569
4.30201	-19.119
6.33306	-14.258
3.68723	-14.0296
2.81703	-13.3395
6.88244	-16.5884
8.51699	-0.758038
7.48957	-2.75384
5.56562	-6.75437
7.87594	-2.03015
2.38541	-5.90116
7.9816	-2.35737
5.87902	-3.86312
3.59709	-5.59599
8.41281	-0.306406
5.92318	-2.97625
7.41346	-5.07789
4.81727	-5.57469
6.38279	-6.14875
7.43015	-6.32272
8.84798	-1.49069
6.67447	-3.65743
2.95796	-8.33697
3.16609	-8.72238
8.16423	-12.1697
2.19824	-13.5447
7.25642	-11.4422
5.1303	-4.47826
4.44547	-14.2563
7.10613	-7.93859
6.83734	-4.51873
6.26283	-1.06507
4.61415	-7.02186
5.09721	-9.97086
4.67647	-16.097
6.42991	-14.5197
5.16176	-11.6205
3.66714	-13.883
3.78438	-9.8247
3.30002	-10.9492
4.1236	-7.69327
-1.94967	-6.55264
-3.17814	-12.0175
-7.64304	-13.4221
-8.22566	-12.9227
-6.36234	-11.9682
-7.5184	-8.42143
-6.57798	-5.7402
-1.15075	-7.83248
1.13672	-11.6349
-1.98563	-9.33827
2.49291	-10.2741
0.781729	-10.3912
-2.67373	-7.44874
-10.7529	-11.2247
-15.2154	-7.60226
-16.1488	-5.87873
-13.6928	-9.53523
-16.1245	-5.87829
-13.9526	-7.22795
-14.6114	-6.87024
-13.8902	-7.77217
-11.4947	-9.75901
-6.10447	-11.1982
-2.01057	-12.9404
-2.98389	-12.1541
-1.04733	-13.992
-0.0364403	-15.3931
-0.318863	-15.527
-1.12019	-14.4334
0.400743	-17.3762
-3.72517	-16.3811
-5.63424	-18.1899
-5.85335	-21.1115
-8.44952	-20.9176
-10.192	-20.5793
-10.3159	-20.4657
-10.1537	-20.8174
-10.5666	-19.0692
-11.2568	-19.1956
-12.3191	-17.9585
-13.7918	-18.1201
-13.6237	-18.234
-11.407	-17.2746
-7.06692	-18.0666
-7.89621	-17.5471
-6.09426	-20.5286
-7.34439	-18.9787
-8.96962	-19.2293
-8.55826	-18.0708
-8.72333	-18.8487
-9.00636	-18.1746
-6.92115	-20.9667
-6.3799	-14.989
-3.88637	-17.0292
0.0618787	-15.0083
1.85925	-14.3839
1.31223	-17.1546
2.9153	-13.5582
2.66449	-9.89957
4.45437	-8.52098
3.8668	-8.3465
1.47158	-10.0844
5.07438	-15.5271
5.67968	-12.362
6.81273	0.465304
8.57452	1.76059
2.15284	-3.1723
2.55512	-6.59183
-1.52429	-5.61559
5.533	-1.29309
6.45976	-5.03935
4.22835	-6.46949
4.1949	-5.78627
3.72013	-4.81609
0.650511	-6.39264
4.26649	-7.48812
5.62601	-3.4581
6.26128	-10.1387
2.63932	-9.34082
-8.98493	-5.0934
-7.35968	-7.91557
-4.72508	-10.3082
-1.13979	-11.2447
1.15763	-11.046
0.724125	-15.351
-1.85994	-17.324
-1.63101	-21.3458
-2.02338	-21.6622
-1.12198	-26.8856
-0.232034	-28.1253
-0.0135725	-29.1366
0.0530839	-28.3885
-1.48976	-28.7854
-0.689871	-27.714
-1.15014	-29.3851
-0.56358	-28.3239
-1.24077	-27.3284
-2.2813	-27.645
-3.30059	-23.6248
-6.7482	-25.5487
-7.68267	-23.7163
-9.29004	-21.7018
-6.89544	-15.3479
-7.97901	-11.6811
-6.41545	-9.07237
-6.54974	-6.81719
-5.11975	-6.18929
-4.2199	-4.51213
-5.69425	-4.61855
-6.94282	-4.31608
-7.88036	-5.22587
-1.22299	-0.702044
-2.08533	-5.5275
-6.58177	-8.01305
-7.55837	-7.06764
-4.06567	-8.69063
-2.12584	-6.65066
-0.468591	-8.31861
-0.115744	-0.245207
-1.96696	-2.46246
-2.20384	-11.5224
-9.95514	-10.2084
-9.43607	-10.0245
-12.4125	-6.27338
-14.388	-3.22998
-16.7217	-1.9783
-17.2875	-1.67134
-15.8603	-1.41922
-13.2234	-3.32916
-9.81638	-4.29444
-4.01699	3.31252
-6.23661	-4.33027
-8.50932	-9.52744
-2.56993	1.77688
-5.45602	-6.04802
-7.32444	-3.86799
-8.81472	-1.34457
-3.5178	-3.98247
-2.86631	-7.40929
-5.84363	-6.91461
-4.80853	-3.76621
-5.71001	-2.75372
-8.91957	-12.5956
-5.8612	-9.44549
-4.5795	-20.0956
-6.75125	-23.8114
-8.67896	-23.4741
-9.65158	-23.4748
-15.0216	-21.427
-14.4335	-17.8389
-6.1525	-12.7729
-5.0622	-16.2886
-4.259	-16.9425
-4.44857	-15.8923
-3.94327	-15.7432
-4.15407	-15.1965
-4.30887	-15.9731
-2.5729	-14.4045
-1.54235	-12.2428
2.16308	-13.437
4.44966	-14.1779
4.51509	-16.3451
-0.276419	-10.9984
0.110939	-13.3983
0.276919	-7.88162
-4.94511	-10.6316
-2.11188	-16.7728
-4.30756	-20.647
-9.01101	-24.6841
-7.17685	-26.3341
-5.41601	-26.2241
-3.04388	-27.4542
-0.534555	-21.9375
5.42331	-14.5988
4.60221	-17.482
-0.478781	-20.3007
5.02861	-11.1789
2.78931	-12.3859
-5.25209	-3.96835
-7.87889	-1.33111
-4.70131	-7.50407
-8.25166	-8.31265
-12.2765	-7.09336
-15.8322	-6.2208
-19.7588	-4.26595
-20.3491	-4.06906
-19.1188	-4.10715
-18.4006	-4.15534
-15.5624	-8.45321
-14.8176	-9.54779
-15.4386	-8.29923
-16.4988	-4.57921
-16.4257	-4.3399
-15.9389	-2.93095
-15.1103	-2.61063
-12.8357	-3.88222
-9.20974	-1.52936
-4.63618	-3.02039
-5.40426	-0.527948
-2.11242	-3.5099
-0.772406	-3.68459
1.53379	-2.98954
1.86275	-2.03167
1.49236	-4.29336
0.913889	-5.79939
0.724585	-7.67311
0.287079	-5.60806
2.07893	-2.77367
0.983723	-4.89968
-1.83561	-4.3763
-0.23044	-6.80265
-5.18581	-4.49139
1.20321	-4.40883
0.459428	-4.9295
-1.50646	-5.62676
-3.11272	-3.11215
1.05872	-8.11743
0.228695	-6.96232
-4.62542	-6.81618
-3.06171	-10.2171
-3.5112	-9.34434
-1.552	-8.58814
-3.51637	-9.34868
-0.971551	-4.06353
0.379207	-4.9243
2.1775	-3.61488
0.452025	-4.15564
4.60679	-2.79687
4.77643	0.522843
4.17038	-0.91624
8.12776	2.81278
2.83187	-3.76757
4.31102	-4.08641
3.67453	-2.10671
7.20302	-1.31907
7.14708	-1.66033
5.45607	-3.99629
6.6993	-6.66248
5.88052	-0.998416
6.88951	-1.05237
5.22413	-9.86114
7.85982	-0.189355
4.76184	-7.7441
5.69077	2.14329
9.07588	-2.18471
7.20546	0.908908
4.65732	-4.93827
5.22661	-4.43549
5.13305	-4.86515
4.79991	-2.24422
3.04642	-3.18815
5.83121	-2.72316
9.39216	-2.39444
7.79941	-4.45272
-0.659986	-1.97229
-5.35248	-2.33286
-2.78111	-7.64695
-12.2411	-8.91994
-6.28008	-9.92204
-7.77053	-14.4847
-4.24621	-10.3718
-4.55166	-10.1233
-4.36564	-8.82426
-4.90087	-8.04789
-3.23221	-10.5281
-1.64936	-9.48906
0.345213	-5.83056
-2.25925	-9.94075
-2.70344	-11.7946
-5.23484	-8.61825
-1.52897	-9.40923
0.369703	-8.3865
-0.776007	-4.88793
-1.1686	-8.61081
2.14699	-3.73165
1.13185	1.9276
5.62896	-6.19077
-4.1092	0.355913
-5.20069	2.94464
2.64219	1.26966
4.39989	-3.21009
3.08835	0.160455
3.84193	-3.22221
3.9732	-3.65932
4.06114	-4.18195
5.34909	0.205636
2.88497	-4.1873
4.6101	-2.79857
7.11053	-7.03728
3.49669	-0.529813
6.56791	-3.99
6.60753	-5.3431
1.12655	2.24973
0.469942	-1.15918
0.951754	-0.758087
2.18188	-0.555737
-0.438124	-0.694246
1.53072	-1.25443
-0.516909	-0.448786
-3.41671	-0.41721
-1.45794	-4.15675
-2.85612	-5.93237
-2.29856	-9.61716
-1.05361	-12.8451
6.22008	-7.72343
1.19218	-7.96725
3.06252	-2.17862
5.92808	-2.13735
4.61827	-5.77246
1.08446	-6.62465
-2.85113	-11.4346
-4.63087	-10.2861
-7.01249	-16.8335
-8.05114	-17.7478
-5.58558	-16.1026
-10.2798	-15.3971
-8.42205	-18.8441
-7.02295	-18.6202
-5.84406	-18.4198
-6.64782	-17.5747
-6.34164	-16.1609
-5.21976	-15.3107
0.0655172	-13.6212
-4.86164	-6.36694
-4.63549	-8.03314
-6.36612	-6.40316
-6.78036	-5.15403
-5.50739	-4.69083
-1.01381	-2.1633
-0.0412942	-4.55724
4.23653	2.59632
0.270244	-11.8631
-0.513843	-11.3469
-1.76569	-11.4065
-1.27657	-11.4038
-3.89366	-10.3333
-10.2692	-9.475
-12.2151	-5.61556
-12.6462	-4.22371
-11.8971	-4.14345
-11.1994	-4.05086
-10.5796	-4.85565
-10.0295	-5.97784
-7.19257	-8.65588
0.776062	-10.5413
1.93902	-12.8889
3.29469	-14.4607
3.82132	-15.3509
3.17809	-16.9759
2.9256	-17.3551
0.373387	-15.7814
-2.4954	-21.0714
-5.66795	-22.7672
-8.94117	-22.4705
-11.0578	-21.4777
-13.4442	-20.2219
-13.6854	-20.05
-13.4688	-19.8582
-13.7766	-19.5127
-12.9661	-18.789
-13.2909	-18.312
-12.856	-17.1083
-11.3483	-19.1243
-9.09796	-19.4995
-5.60034	-19.6652
-2.2699	-20.3725
-2.89795	-16.8587
-4.72466	-18.3175
-3.18617	-19.7896
-4.59194	-21.876
-5.53984	-18.2464
-2.83186	-11.452
0.504883	-9.73966
-4.62289	-7.4752
-8.24794	-5.51902
-8.77111	-2.66942
-3.83202	-3.90249
-8.92348	-6.7894
-1.01788	-2.86642
-9.36926	-15.6898
-0.0561516	-9.82441
-0.886964	-10.5802
2.74706	-6.22284
4.08391	-6.55212
0.961138	-4.81331
2.44162	-7.63961
2.93816	-5.50516
5.5553	-6.91543
1.16728	-4.18752
3.6438	-6.99465
4.2025	-5.77468
3.93098	-8.0416
6.16498	-6.00447
7.58564	-9.63215
6.77088	-9.94079
7.20549	-10.9683
2.91981	-9.77919
1.70195	-10.2198
0.999647	-19.6459
3.1893	-19.9417
1.28545	-20.4701
0.471046	-20.3834
-3.88087	-14.2753
-4.28919	-13.9153
-4.38136	-12.9974
-3.8507	-12.8303
-3.74634	-11.2473
-3.57407	-10.5439
-2.70981	-9.07156
-2.04197	-5.32707
-1.05509	-5.44564
0.598619	0.529952
-2.62948	-3.15093
-8.93641	-8.84413
0.0179436	-2.43831
-0.224868	-6.6797
-2.73307	-3.74273
-5.66471	-4.8766
0.141518	-4.01918
0.95289	-7.80936
1.99922	-9.44278
1.37407	-7.02916
-2.76081	-11.3425
-3.57402	-7.45765
1.16059	-11.39
-0.413311	-11.1756
-1.19962	-12.2615
-2.73707	-10.5284
-3.3596	-10.6006
-3.29881	-10.0391
-3.08617	-10.8943
-2.6477	-11.8391
-2.23985	-13.842
-3.51938	-17.6692
3.07307	-13.2447
-2.81343	-8.45595
3.47185	-8.77449
4.42829	-5.10118
5.39675	-9.10375
4.14921	-2.07053
6.00955	-8.38968
1.77394	-16.433
2.94992	-22.8817
2.59187	-22.3889
3.76924	-21.7365
3.96703	-20.6048
4.11237	-21.3596
2.33241	-19.1505
-5.79481	-15.3589
-5.09181	-15.2118
-8.0429	-13.5351
-7.79364	-14.2293
-7.99878	-15.7835
-9.20836	-15.7088
-10.238	-16.0218
-11.6009	-15.6715
-11.0971	-11.8905
-5.72416	-10.8918
-2.97923	-11.1208
-4.06197	-7.97602
0.616988	-10.2118
-1.17939	-9.58728
-2.05292	-8.57836
1.64967	-10.2817
-4.58678	-7.47166
-12.1152	-2.96568
-7.99347	-5.40348
-9.29656	-4.66996
-7.73579	-17.134
-5.90232	-20.9464
-4.83198	-21.3274
-4.14033	-20.9107
-3.47499	-20.7798
2.73973	-9.41016
-0.0504807	-16.184
-0.715825	-16.3482
0.932635	-19.0581
-4.89163	-16.7836
-6.02359	-3.81573
-4.11573	-8.12838
-0.906432	-15.427
0.391425	-15.7283
3.51944	-19.3241
-4.03457	-14.1343
-2.44506	-15.5162
-6.78172	-11.0684
-3.14363	-17.8305
-2.93807	-16.9126
-0.0404235	-13.7036
-3.43141	-24.485
-6.02423	-24.0786
-6.19713	-24.4177
-7.51284	-23.0244
-5.64315	-23.9332
-0.709856	-20.9148
3.55573	-16.6372
0.915553	-19.7526
4.05919	-13.868
2.70739	-15.065
-0.130131	-11.5272
3.55534	-14.8381
-2.60357	-5.54067
-9.17502	-7.39362
-3.1743	-11.7108
-3.05056	-16.6846
-10.3154	-14.7478
-11.9308	-11.6501
-12.6644	-9.62961
-12.736	-7.89535
-13.4866	-6.89186
-14.2878	-5.43127
-13.5716	-6.4706
-12.3365	-6.40807
-11.666	-6.77656
-10.6242	-8.46594
-10.4448	-8.70077
-11.1959	-9.7527
-12.0687	-11.6962
-10.0347	-10.3169
-8.49415	-7.6657
-10.7473	-0.197835
-6.91389	0.634729
-4.67252	0.748992
2.15432	1.71911
-1.45799	-6.71872
-3.31319	-6.06042
-8.23084	-9.12728
-10.9226	-8.20606
-11.2129	-7.26481
-13.3478	-6.01539
-11.5873	-5.34215
-10.3726	-5.6845
-14.584	-6.79079
-14.1396	-6.46658
-8.25865	-7.14611
-4.34278	-5.14565
-4.70647	-9.08789
-4.02486	-6.63173
3.57116	1.86351
-3.22177	-1.63978
-6.81386	-6.87475
-5.56806	-2.21059
-4.05865	-8.28363
-2.09699	-5.54359
-0.255445	-0.887818
-8.9742	-5.6619
-7.67373	-0.389273
-4.02082	-1.74042
-8.7263	-3.6819
-6.7101	-4.16164
-1.57949	1.08498
-2.26054	-0.0702528
2.9435	-2.95539
0.435703	-5.26597
4.18236	-0.960656
5.36686	-0.195708
11.446	-1.64799
10.248	-5.19664
8.01987	-7.02245
7.08125	-2.31506
6.1433	-0.92437
3.81201	-5.46881
6.92376	-0.0633672
6.79192	-4.58572
4.48661	-0.655338
-8.48466	-6.7149
-6.97181	-7.99223
-6.23816	-17.0656
-8.55056	-15.9028
-8.18694	-17.805
-8.6206	-16.4429
-9.15521	-15.9143
-6.51014	-16.3427
-3.57963	-15.3141
1.27413	-21.1678
-0.529647	-22.0493
-0.277689	-22.3594
0.277992	-21.731
0.305442	-21.7727
0.392559	-21.9351
0.570324	-21.5975
0.979501	-21.7663
2.22687	-22.9596
1.86665	-21.7456
0.973979	-20.4859
2.19473	-20.392
2.64792	-18.2002
4.49149	-16.5409
6.40472	-17.5363
-5.80887	-19.5912
-5.50687	-26.0172
-7.82307	-26.805
-9.3611	-28.2337
-10.7133	-28.4938
-11.5715	-28.634
-11.2433	-26.9436
-10.0765	-25.9157
-11.1067	-26.4321
-11.9616	-27.0631
-11.6556	-26.6771
-11.7922	-26.7645
-12.3309	-28.2646
-11.4979	-27.0131
-11.0337	-28.322
-8.88732	-27.6059
-3.31247	-27.3787
-0.18751	-22.6228
-1.30182	-17.1403
1.90958	-14.856
3.18162	-13.1666
0.519233	-14.4862
1.60747	-14.0067
2.60827	-12.5598
2.30841	-8.29446
-1.25335	-8.85443
-2.9475	-8.12521
-6.50242	-8.5453
-5.02615	-7.08773
-3.27247	-6.80322
-2.31765	-5.88521
-2.15114	-4.37911
-1.18084	-5.59593
-2.40259	-3.74265
-2.55574	-3.16847
-0.599352	-3.90341
-0.883617	-4.37688
-0.650848	-5.1474
0.930494	-6.0368
0.845417	-6.97044
1.02929	-7.95783
0.00680529	-8.04412
-0.647649	-9.64847
-1.68731	-11.1314
-3.63079	-12.5237
-2.93535	-16.5901
-0.481681	-20.1159
-1.68944	-18.7857
-3.34944	-19.4139
-8.83851	-17.3723
-2.87933	-12.1592
-1.52409	-9.70796
0.217252	-8.91498
0.556224	-7.83113
0.501548	-6.92271
1.14627	-6.32766
1.2981	-5.98771
0.327776	-5.28057
-0.521948	-6.66405
-1.63515	-7.27187
-2.17505	-10.1471
1.04347	-13.6971
2.32736	-20.2698
2.22319	-20.0712
1.06478	-19.5545
-0.938745	-19.7572
1.00679	-20.293
1.56342	-20.2069
1.72306	-19.9496
-0.259987	-18.9332
-5.85201	-22.4384
-10.3068	-21.3129
-13.6149	-18.6809
-14.3988	-17.9719
-14.6902	-17.6273
-13.8928	-19.8449
-14.2891	-20.2603
-14.5133	-20.3091
-14.0944	-20.1623
-12.8487	-21.0521
-10.5247	-21.7809
-6.28442	-22.4073
-6.82201	-17.4362
-8.84974	-8.43368
-6.4124	-4.40531
-14.0656	-4.29681
-10.0747	-6.23149
-12.1436	-6.06553
-10.1191	-4.50224
-11.2154	-4.76269
-7.65012	-10.3163
-5.26475	-14.2136
-3.94243	-13.8689
-1.00825	-10.4628
1.3443	-10.2688
-0.422787	-6.66909
0.780798	-5.13686
-1.53021	-1.54338
-2.08292	-0.357299
-6.25425	-3.13593
-5.59268	-2.76561
-5.39086	-1.11352
-7.96776	-1.43715
-7.5372	-3.37849
-6.48347	-4.43292
1.12667	-8.15919
4.89265	-10.1387
4.48319	-12.3769
4.10347	-14.3957
4.86689	-16.0766
4.29369	-16.9969
0.1121	-11.5177
0.0314658	-11.6513
-0.621487	-12.4433
-2.79306	-12.8693
-3.66295	-13.6122
-4.02609	-16.1466
-5.0214	-17.3259
-7.03759	-17.5469
-10.2448	-15.9639
-10.5251	-14.7066
-8.56662	-7.24484
-2.34007	-14.9368
-1.15979	-12.7602
-1.2579	-13.739
-1.11948	-15.5468
-2.35978	-13.1792
2.64027	-12.9841
3.31598	-7.30794
-8.75391	-5.65854
-13.4268	-8.69371
-3.92248	-12.7335
-6.93227	-20.1712
-8.05695	-22.372
-7.7472	-25.376
-7.83763	-24.7791
-6.63924	-23.6591
-5.74979	-22.2408
-7.54594	-16.3292
-6.7496	-17.8535
-7.87443	-12.9626
-6.78011	-10.275
-13.1912	-18.132
-11.1579	-11.5959
-10.7598	-10.0722
-6.50293	-12.9793
-7.86325	-16.8548
-8.16556	-10.6236
-13.8402	-16.0429
-4.87756	-10.665
-7.52002	-12.247
-9.03987	-10.4219
-7.13474	-5.59106
-11.3071	-11.7024
-10.6908	-10.6576
-4.68721	-9.76024
-12.6731	-19.4179
-11.7226	-19.8141
-12.8651	-20.5027
-9.99436	-19.1582
-9.23591	-19.5796
-12.1265	-21.1351
-10.7852	-22.9323
-11.2496	-22.5994
-10.6117	-19.7579
-9.26296	-14.7485
-7.75019	-16.0105
-8.99886	-15.0961
-4.22546	-6.72462
-6.65132	-1.14532
1.77048	-6.5448
3.28559	-7.24004
0.712925	-9.48135
-3.13119	-7.73064
-0.381579	-13.0875
-3.17249	-6.47678
-1.56217	-10.0405
1.31092	-11.3337
0.784392	-4.42445
5.09595	-4.03899
2.04293	-4.90444
2.42695	-10.9672
2.11846	-0.413493
1.70556	-6.90532
-0.502113	-6.88691
3.19279	0.46905
7.9301	-1.90255
5.48419	-7.74245
6.03706	-8.96941
5.30489	-5.35459
4.42046	-4.12858
5.06	-1.56278
3.65872	-12.1537
-8.90295	-9.53172
-6.86053	-10.2011
-13.6558	-7.47582
-15.1107	-5.89077
-10.7814	-8.30698
-10.5314	-9.14197
-6.1198	-8.50921
-6.28742	-7.48591
-1.49212	-9.13923
-3.57276	-4.63504
0.730353	-2.72965
-7.21656	-7.41193
-11.3214	-8.47527
-7.06726	-12.3088
-7.01573	-10.1929
-4.62163	-7.83025
-4.2646	-9.65518
-2.67861	-8.56888
-5.92039	-13.8876
0.0325321	-18.7471
-5.04089	-22.2315
-3.16933	-25.7455
-3.6895	-23.2898
-2.29015	-22.7443
-1.61321	-20.7776
-2.30733	-18.8916
-1.38883	-17.8082
-1.37375	-15.1841
-2.3064	-12.0255
2.5056	-17.3534
1.38973	-17.1197
-0.368037	-14.4351
-2.41617	-12.8615
2.04683	-14.6345
2.74383	-14.1362
-0.809395	-15.4392
-7.84263	-9.96978
-7.28872	-7.87981
-7.20016	-14.3141
-5.99758	-14.6557
-5.08233	-12.7297
-3.43498	-12.42
-3.07951	-11.3563
-2.14426	-10.8442
-0.834347	-10.5119
-0.584242	-10.9673
-1.33669	-13.1689
-2.31162	-15.6999
-3.54422	-18.8112
-0.737698	-21.8556
2.68663	-12.73
-0.367822	-11.153
5.2408	-8.25718
3.57979	-9.60127
3.16894	-14.9022
-2.83816	-19.1893
-2.99799	-20.1914
-7.12905	-17.7638
-3.97046	-18.3168
-1.68615	-19.5769
1.94398	-19.7587
2.80945	-19.599
-1.13445	-18.0381
-6.55504	-19.8727
-8.73941	-20.1789
-9.25344	-20.2236
-8.07951	-21.1324
-6.81546	-23.3719
-4.9828	-20.9402
-2.52843	-20.8036
-1.36447	-13.5698
1.07189	-8.73116
0.352432	-14.7379
-3.29015	-15.6835
7.62094	-12.3027
7.78433	-15.6669
-1.78055	-15.9743
-0.445803	-22.8702
-3.03275	-23.2658
-2.83589	-23.073
-3.87965	-23.7128
-4.29015	-22.3798
-3.31477	-20.3759
-4.37539	-13.0366
-0.915161	-14.1275
-1.71423	-16.059
-0.290944	-15.6885
-0.228915	-12.3877
0.799866	-11.0569
0.760379	-8.73249
0.557872	-7.91431
0.766626	-9.24932
0.123612	-9.82926
-0.598914	-12.0916
1.23209	-18.9178
3.99542	-23.2246
1.99946	-23.41
2.48239	-24.2244
1.09123	-24.0228
-1.5083	-22.4996
1.12548	-23.3567
3.06866	-21.7297
0.92375	-18.648
-4.63408	-3.91275
-8.89137	-10.7839
-7.93397	-6.66367
-8.26992	-3.27572
-6.89346	-1.60435
-8.08964	0.606177
-8.48501	2.97845
-9.34596	3.70347
-11.0104	5.13026
-11.2261	3.99243
-12.6414	3.15611
-14.5804	2.37014
-13.7368	-1.4535
-10.7729	-5.43161
-3.8308	-3.13641
-5.07241	-4.79279
-3.76239	-5.24122
-2.30438	-3.92975
-3.08782	-5.28603
-2.65571	-6.67361
-2.36346	-5.38415
-1.45945	-5.96141
-1.93876	-4.90922
-1.50877	-5.02752
-11.0418	-8.60273
-13.7804	-3.12742
-16.1113	-1.21311
-16.8085	0.501985
-16.4641	1.03957
-15.133	0.101584
-11.9911	-1.98075
-10.9291	-0.634848
-7.585	-2.35344
-3.2724	-5.91827
-1.10936	-6.47903
-2.59247	-7.55792
-1.69206	-15.6735
-1.5917	-18.713
-0.618645	-17.0103
-2.82907	-13.439
3.24358	-11.1961
1.09054	-15.3484
-1.69355	-19.6786
0.00261133	-14.4283
0.680046	-12.923
4.29037	-13.4254
8.12826	-12.4074
7.65275	-9.33888
6.18421	-3.58582
7.31495	-5.8141
1.78364	-7.13767
0.666665	-6.52241
1.12982	-13.1987
-1.2311	-11.703
3.39109	-5.78767
1.27495	-9.6695
3.44123	-4.81886
-2.40175	-8.3666
-2.51944	-7.88975
-0.0722115	-6.43685
3.04265	-5.75876
10.7438	3.24778
8.07502	-0.722752
1.30535	-6.78503
0.973434	-10.5715
4.83093	-6.91868
4.65109	-3.62595
5.05062	-8.51678
0.897471	-10.7893
-6.29153	-11.0718
-6.00977	-7.39317
1.06737	-10.615
-1.11534	-9.56427
-1.3111	-7.00294
-1.67062	-7.18888
-3.13073	-7.77267
-1.24964	-12.0023
-1.99879	-12.0428
-0.317943	-11.8016
2.653	-13.8283
3.21547	-12.9481
1.84603	-13.5915
1.10641	-14.5734
-0.441862	-18.5374
-2.10368	-17.3292
-3.01758	-19.2343
-4.68248	-20.425
-5.49753	-18.9752
-6.98099	-18.2558
-5.28251	-17.094
-5.48719	-14.8175
-5.40956	-15.9272
-4.22123	-15.0034
-5.45344	-14.3216
-4.41638	-15.3679
-3.79359	-14.7141
-3.49832	-14.1947
-2.42925	-14.7982
-1.25544	-16.192
-0.807352	-16.3692
2.19079	-20.9218
1.31453	-21.9596
3.49595	-22.9903
0.681972	-20.8521
-0.449254	-20.7237
-0.984922	-20.9151
-1.88587	-20.3981
0.782838	-18.4777
0.711072	-19.2735
0.912322	-17.2149
2.81276	-12.0512
-3.43517	-14.5302
-1.08625	-20.095
-1.11	-21.1406
-0.513327	-21.1437
-1.81239	-22.8487
-0.558424	-23.3668
-1.30734	-23.4829
-2.06872	-21.0904
-7.79074	-15.7911
-11.0064	-11.4065
-7.31999	-8.59749
-4.01302	-11.7543
-3.61268	-1.69897
-2.33626	-7.33404
-4.26505	-6.90438
-7.19271	-9.27617
-6.09098	-18.5273
-7.55202	-20.6788
-6.82213	-22.2283
-6.80126	-23.5042
-6.92305	-22.4514
-6.17196	-24.3316
-6.29358	-24.8111
-3.15658	-25.9335
-7.35506	-19.6002
-5.15619	-15.9015
0.891463	-10.2331
-1.67351	-5.67241
-5.90879	-6.35059
-8.76406	-12.9054
-7.27126	-14.9396
-6.78253	-11.3437
-2.67443	-7.54838
-8.99554	-13.1819
-4.60535	-11.3782
-7.28415	-8.40222
-5.72454	-12.6329
-3.9895	-11.5893
-4.28486	-2.79606
-8.22005	-6.0983
-5.50663	-17.4466
-3.85425	-23.0088
-7.12589	-21.1868
-5.25225	-22.4459
-5.83985	-16.0129
-5.8091	-20.3041
-5.74787	-17.9588
-5.21453	-15.1083
-4.12814	-12.1753
-2.92377	-11.5251
-2.97008	-11.1407
-2.76653	-11.4898
-3.10108	-10.1337
-2.14591	-9.89934
-1.36428	-10.5385
-1.0564	-13.4611
-1.00878	-13.2831
-2.45697	-11.7686
-2.75339	-13.8292
-4.07606	-17.4926
-0.477744	-4.94105
-1.00639	-9.48486
-4.51736	-9.40483
-0.622309	-5.16323
-0.237154	-8.36492
-2.27945	-6.37916
-5.52736	-15.7649
-0.404108	-11.9633
-2.54825	-7.35364
1.4378	-2.32988
2.26609	-4.90821
-6.49902	-14.9748
-12.4172	-13.5328
-13.0303	-20.6303
-9.387	-14.1994
-8.47266	-16.0491
-3.76876	-15.9625
-2.8059	-17.3801
-1.86163	-20.4994
-0.377786	-20.3566
-1.65077	-18.6751
-2.2881	-18.8927
-0.23874	-18.8703
0.718041	-20.4374
-0.61238	-18.2019
-6.37997	-23.8723
-12.7072	-22.2524
-14.0567	-20.0928
-15.0021	-17.9066
-14.5905	-17.6079
-14.3221	-16.9885
-12.0923	-12.523
-6.60492	-11.1334
-4.19632	-15.5884
-2.85731	-15.5563
0.523549	-9.13757
-0.117974	-12.2544
5.01991	-8.57342
-5.21741	-6.86293
-9.90136	-2.4888
-12.9618	-6.04449
-6.78857	-9.40428
-6.05024	-22.2801
-5.87119	-23.7464
-5.31277	-22.3755
-5.45056	-21.8202
-5.88759	-21.5029
-4.09374	-20.2105
-1.92413	-16.0599
-0.864233	-10.9983
1.03775	-14.4371
3.43787	-12.3227
-1.04706	-16.1566
-2.08811	-15.1105
-6.3458	-11.8516
-8.12311	-13.6104
-8.80962	-14.3219
-9.25672	-14.5135
-9.18756	-15.9094
-8.89503	-19.0552
-7.41164	-21.2813
-6.95457	-22.8732
-3.62877	-25.3395
5.78677	-17.7115
-0.101001	-16.2754
-0.897678	-15.4796
0.305431	-11.9339
0.787732	-12.7296
-0.439533	-10.6235
-3.81651	-10.3035
0.577177	-5.77881
-3.68714	-9.59627
0.530081	-4.1531
0.78106	-3.70607
-3.83537	-2.5891
-3.40061	-17.6336
-5.87876	-20.2129
-7.48593	-19.3533
-7.68099	-18.892
-7.40863	-17.8733
-6.70436	-17.798
-6.44747	-16.3237
-6.40605	-15.3954
-6.6887	-14.1994
-7.007	-14.4212
-6.68419	-15.9756
-6.40707	-15.565
-3.54418	-19.5134
-2.93714	-20.5514
-3.24353	-18.323
-2.42379	-14.2991
-5.35636	-12.7019
-4.35731	-11.5565
-4.57615	-11.5647
-4.52154	-11.3144
-5.17417	-10.3532
-5.66397	-9.8451
-4.66854	-9.88301
-4.58827	-12.4207
-3.75019	-13.9412
-0.102754	-15.4716
1.41594	-14.6332
-1.98332	-13.8588
-4.38015	-13.7283
-4.56577	-12.0341
-6.20393	-10.5453
-6.09646	-9.03331
-5.36313	-7.52996
-5.74218	-5.78336
-5.34128	-3.99887
-4.8295	-1.21019
-3.51984	-2.50244
-5.92593	-1.55253
-6.39786	-0.876665
-7.73397	-0.0122496
-7.56962	-0.538511
-9.98496	1.22429
-9.81365	-1.18929
-11.4138	-1.13162
-13.3787	-0.998442
-14.0497	-5.83398
-10.6167	-9.71263
-2.96971	-8.41834
-3.54298	-8.57744
-2.15225	-4.51032
-2.608	-3.16385
1.87156	-2.73156
5.00222	-1.10797
7.7966	2.96294
-1.08636	-4.69579
-10.1205	-11.0837
-14.0627	-7.91167
-15.8721	-10.6754
-15.6081	-9.99187
-14.8888	-8.61158
-14.238	-9.31325
-12.1687	-8.91943
-8.11849	-9.55442
-3.52279	-10.2242
-2.67236	-12.3604
-0.571855	-16.1042
-2.15407	-15.358
-2.83356	-15.8332
-0.922246	-15.4077
-0.392095	-15.3242
-0.949646	-16.5973
0.948246	-14.8603
-0.0336203	-9.16625
0.42248	-11.7523
2.77456	-8.0622
3.08307	-0.175384
4.73374	-8.96645
5.58199	-12.8744
-0.414205	-15.5863
-7.49323	-9.08748
-5.62009	-1.6856
-10.8874	-5.25284
-10.1982	-0.377507
-11.1487	-2.82378
-8.21035	-1.76371
-10.3577	3.82414
-3.40934	-2.43249
-1.99327	-1.44509
-2.91651	-5.44309
-0.206611	0.219956
-1.01444	-4.42351
1.45515	0.837757
-3.16295	-8.96529
-2.95239	-11.3509
-1.94337	-4.44577
-1.44937	-7.29501
-2.48787	-5.76819
2.63129	-1.82837
2.06395	-0.0769832
-0.908987	-6.54574
2.12633	-6.09345
5.72006	-5.66512
3.95532	-1.46299
0.566051	-0.92355
1.67411	-0.0151861
0.109461	1.15107
0.0741181	1.53294
0.420122	3.43857
3.32477	3.12087
0.613273	4.57293
0.0419683	5.1012
-1.69577	4.4651
-1.73766	4.24931
-1.62655	2.47514
-3.24095	1.85179
-2.59326	-0.503259
-2.08769	-5.88505
-0.172581	-9.10979
1.11214	-14.5155
1.8088	-12.4725
2.64974	-15.2299
4.1676	-16.5547
1.32142	-14.5796
0.448392	-12.3832
3.35939	-11.7255
-0.377275	-8.44968
0.355855	-12.8497
0.723692	-17.7214
-0.207224	-19.3192
-1.47747	-16.844
-3.637	-15.0198
-3.97038	-15.0679
-4.00346	-14.2623
-3.97115	-13.6145
-4.20113	-14.0412
-4.22542	-14.8257
-4.34753	-14.2995
-3.39476	-14.2517
-1.11365	-11.7247
2.33829	-11.3304
-1.39799	-9.62292
-0.0906214	-9.90163
-0.43491	-9.3998
-7.60595	-10.788
-12.6112	-7.61926
-13.3904	-7.1585
-14.0472	-6.60137
-15.1935	-7.14919
-17.2842	-7.55228
-16.7373	-6.5573
-15.7122	-6.47313
-17.4612	-5.07924
-17.2846	-6.72704
-17.2885	-6.4265
-17.9898	-6.12058
-16.268	-7.04623
-15.2188	-7.63173
-14.9087	-7.12017
-12.1159	-8.39392
-11.5402	-8.11463
-7.87539	-6.83633
-11.1502	-3.63828
-14.3544	-7.15553
-6.92925	-7.40768
-14.4079	-2.6718
-12.7916	-4.55229
-7.93023	-1.46457
-10.7193	-3.32253
-9.10095	2.07331
-7.86798	-8.1741
-7.68329	-2.57339
-6.01351	-2.71625
-7.0977	-5.86145
-7.88548	-8.03516
-6.09999	-6.90151
-2.97899	-8.56893
-4.16347	-13.5494
-8.78934	-13.474
-12.6248	-8.93851
-13.4075	-7.98237
-11.3615	-8.46606
-13.3248	-12.4189
-11.5267	-5.95975
-9.76561	-12.4416
-10.7004	-8.88532
-11.0183	-13.8265
-7.71937	-10.3028
-3.11718	-9.24149
-7.35091	-11.8955
1.30956	-5.32789
5.94385	2.39568
-0.000780779	-2.37449
-3.32303	-3.22501
-2.94494	-1.58266
-5.74642	0.833425
-6.56815	-2.81382
-5.79756	0.50633
-7.39062	-1.37663
-5.22097	-1.62548
-6.30703	-1.26375
2.30755	-6.60116
2.11475	0.989907
8.79708	-0.00801583
5.07757	-0.941897
5.48635	-6.11753
9.05751	-3.61234
6.77658	-4.31578
8.5528	-0.94479
11.921	-4.26172
10.1867	-8.07826
7.64164	-15.6214
7.97055	-17.5584
4.61697	-17.1991
6.78745	-16.5764
4.84774	-13.6638
-7.05085	-8.56555
-4.26798	-6.43691
-1.17981	-6.82766
-0.602439	-8.15515
0.0798769	-12.5847
-1.73828	-15.0383
-1.8965	-20.6756
-4.07293	-25.4699
-2.58294	-27.714
0.734766	-11.1651
3.89174	-9.31243
3.45179	-15.6716
-0.333585	-13.0362
-1.67806	-12.6159
-6.37862	-13.2565
-3.84539	-8.8974
-7.1422	-3.5106
-7.1147	-4.67681
-7.68072	-6.37945
-12.4905	0.686092
-11.7761	-10.1179
-7.76192	-10.6341
0.668376	-2.40424
1.86439	-9.06262
1.06318	-8.1182
3.28741	-4.42948
-0.247475	-7.19747
0.224195	-9.92105
3.31164	1.08256
-5.28671	-9.19022
-5.06541	-4.50233
-7.84461	-10.6084
-7.41565	-12.8042
-7.32503	-12.9894
-7.19899	-12.121
-7.57616	-11.7578
-2.0642	-13.2639
-3.25739	-9.27091
-2.67886	-6.75152
1.13952	-3.26033
-0.791583	-2.30615
-2.8973	-3.04432
-6.39143	-2.48335
-6.9692	-5.70366
-1.30872	-10.0076
-3.81319	-9.10349
-6.55485	-2.23744
-0.36628	-6.08644
-3.86135	-7.6859
0.500964	-5.17248
-2.30819	-13.7328
-3.30161	-12.348
-4.0568	-10.354
-4.07062	-8.89653
-3.3435	-9.59863
-3.4162	-8.66791
-3.27145	-8.28842
-2.83042	-9.06069
-2.66037	-10.4542
-2.24647	-13.9177
0.272653	-16.5219
-4.27533	-16.5204
-3.48839	-17.9535
2.72428	-9.39119
-4.44572	-9.47248
-3.63643	-10.1181
-1.23408	-8.05077
1.83829	-9.57664
-4.17985	-7.36044
-4.23683	-9.36569
-5.44102	-7.26892
-5.30714	-21.2172
-10.8196	-24.3962
-8.5121	-23.6687
-9.09595	-20.0154
-11.3602	-21.1605
-11.4109	-20.4129
-11.4166	-18.5078
-11.8512	-17.6392
-12.064	-19.0427
-11.4427	-19.5431
-9.38292	-19.2895
-6.21118	-19.8257
-2.66985	-21.1008
-3.75867	-20.6713
-8.98192	-14.6969
-5.0106	-11.3604
0.89454	-3.59851
-4.77465	-7.76211
-5.57494	-9.38474
-11.1369	-11.7451
-0.389805	-11.177
-3.45752	-11.028
-5.49459	-6.90804
-3.90372	-11.0821
-2.01757	-14.0648
-2.48913	-16.1602
-0.282702	-19.729
0.104429	-20.6392
-3.00233	-17.8507
-7.12615	-15.001
-11.073	-15.9579
-14.2814	-14.7171
-15.9993	-14.9912
-17.7113	-15.2728
-17.7579	-15.6508
-17.452	-18.2022
-13.6194	-22.0695
-9.20258	-20.492
-3.8277	-15.4952
-1.44828	-18.5135
-1.84302	-14.1948
-2.28984	-13.2694
-0.0511468	-16.6137
3.27254	-6.55993
-0.273131	-4.53166
-1.60403	-7.90689
-3.89898	-6.07647
-4.27615	-4.94539
-1.50743	-12.7074
-5.36171	-15.319
-4.91892	-13.5738
-4.80837	-10.9227
-4.92882	-8.65983
-5.20718	-5.45061
-5.44866	-4.67001
-5.84872	-3.58115
-3.79185	-5.15997
1.30174	-10.1841
2.44507	-11.1244
2.32889	-9.65219
1.60897	-9.33262
0.706806	-9.13124
0.184595	-9.81683
-0.394973	-11.4361
-0.732166	-11.9991
1.422	-16.4652
2.02086	-13.5123
-2.49729	-11.7524
-12.152	-9.02395
-14.7208	-6.93679
-14.6819	-5.80049
-16.5552	-2.23233
-16.0045	-1.89814
-13.9821	-1.26023
-11.1564	-0.235368
-7.18957	1.03623
-3.73165	-0.726399
-2.50998	-1.57695
-0.791389	0.604368
0.41097	0.393282
1.2836	-0.904562
-0.0933542	-0.431357
1.61088	-3.1761
0.832888	-2.17543
-0.540684	-7.60985
5.47615	-5.31944
6.13227	-3.89503
1.78761	-2.10041
1.6114	-5.69608
5.41123	-4.85235
5.10858	-5.14538
1.24182	-1.81411
5.83913	-4.9834
2.81725	-5.86036
-1.3633	-16.4727
-3.95445	-15.5383
-0.57939	-13.6129
-3.40991	-21.7413
-5.28294	-24.1859
-5.1722	-25.4565
-5.81623	-28.1014
-5.63985	-28.4191
-7.04577	-29.0912
-8.43006	-26.6005
-8.92916	-24.5888
-9.91416	-23.8545
-9.62548	-21.8836
-10.7809	-20.9771
-9.80953	-19.9344
-10.2881	-20.0791
-9.62952	-19.9083
-8.46747	-20.8273
-8.93541	-25.3093
-10.9269	-26.0902
-11.6919	-27.1158
-11.6255	-28.3463
-11.343	-28.0442
-8.74125	-24.533
-5.95981	-20.9997
-4.8738	-16.9318
-4.26258	-13.8856
-3.00604	-12.2167
-2.54149	-9.90335
-2.56991	-7.801
-1.66803	-6.48623
-2.30385	-8.06118
-3.36734	-6.3827
-3.384	-3.58701
-5.52112	-2.89959
-7.67849	-3.55031
-11.1515	-3.40731
-12.6	-4.74051
-12.7402	-6.83442
-12.6291	-10.583
-14.6733	-12.0012
-13.4185	-14.6637
-12.7218	-16.0053
-13.8429	-14.0163
-10.0391	-15.0334
-8.79171	-14.6946
-7.29712	-14.0974
-9.06374	-14.6592
-9.49328	-14.9675
-8.14086	-14.2341
-6.85723	-14.0556
-7.7908	-13.7231
-3.33411	-18.2538
-0.773672	-8.00017
-5.20567	-12.0161
-3.26601	-20.1561
-2.26014	-25.9312
2.83611	-26.0735
2.45063	-26.3526
0.351568	-22.5591
-1.3118	-26.6344
-4.943	-27.8834
-5.39199	-26.4354
-6.74607	-26.6473
-6.63557	-24.0083
-6.65362	-21.211
-7.38044	-16.6606
-10.8545	-13.077
-12.968	-11.2416
-12.3652	-11.7282
-5.61021	-12.9604
1.37342	-18.4487
0.899976	-20.1758
-0.737306	-19.3847
-6.66408	-19.1293
-5.30676	-17.049
-5.62742	-15.29
0.601151	-12.1031
8.76334	-7.26173
5.28105	-10.7847
2.88126	-16.7142
3.6461	-21.9338
2.69152	-22.8813
-1.6777	-21.432
-5.17447	-18.2962
-8.65657	-14.4173
-8.32249	-9.43489
-7.05061	-9.13214
-8.33803	-10.1942
-8.32302	-9.66822
-6.44053	-7.30621
-5.19925	-8.75612
-6.87319	-7.84918
-8.98849	-9.27155
-10.568	-10.6628
-11.1645	-12.9243
-13.73	-11.9845
-14.7357	-10.4222
-17.1289	-6.61096
-15.1211	-5.82781
-12.6041	-5.75728
-8.30269	-6.25837
-4.38638	-7.3336
-2.04528	-10.0949
-1.93026	-11.0399
-0.962021	-12.6415
-0.943771	-12.6578
-1.22998	-13.5239
-0.693161	-13.2356
-1.02465	-12.4745
-0.605456	-14.159
-1.31566	-13.0175
7.4695	-20.1745
4.00144	-17.837
5.87035	-19.0681
6.20174	-18.5686
3.34778	-15.7945
-1.85299	-13.4799
-5.55753	-7.4181
-4.11487	-6.24177
-4.20136	-6.06823
-3.96388	-5.09671
-4.67036	-4.64784
-5.42008	-5.06178
-7.04523	-7.81081
-0.656584	-9.64321
-0.260166	-7.38744
0.643137	-7.47824
-0.535444	-6.58509
-0.469727	-7.57874
-0.988354	-6.9702
-0.655571	-5.6953
-3.64003	-7.95862
-8.78425	-8.60894
-9.96652	-6.72327
-11.5822	-4.63124
-12.3063	-2.64285
-11.6535	0.427484
-8.65915	0.735562
-5.74718	0.278475
-4.93943	-1.03694
-4.04136	-1.84616
-3.41806	-3.81204
-1.49963	-9.49467
3.64054	-9.78115
7.00669	-19.1745
-0.0210266	-11.5236
-0.625581	-14.7926
2.39814	-13.2087
4.23083	-8.73144
-2.4593	-23.3147
-1.17494	-22.1069
-2.02349	-24.1893
-2.58713	-24.4251
-4.42487	-24.401
-5.59022	-25.9882
-6.60843	-25.9573
-7.6187	-25.442
-6.99665	-23.0794
-5.85141	-21.1924
-4.16128	-18.3847
-6.92108	-12.2664
-9.06182	-6.79884
-9.66663	-4.80976
-11.0944	-4.39601
-12.7523	-3.73625
-13.6614	-2.48955
-13.1915	-7.19561
-9.20539	-12.2457
-8.35455	-20.6487
-8.39909	-23.1098
-10.8321	-24.0042
-11.6133	-25.4762
-10.4684	-23.8924
-8.87577	-22.8633
-10.3845	-22.8509
-10.0665	-24.0049
-7.36377	-24.9216
-4.84818	-27.2114
-0.0532819	-17.9217
-0.473678	-12.2196
-4.21091	-19.4648
-3.47649	-18.3857
-2.28849	-16.6243
-2.39925	-10.9402
-6.10914	-7.88853
-2.03686	-14.8342
-5.70572	-13.0362
-7.44399	-11.2046
-6.7866	-9.76618
-5.677	-7.61133
-6.01695	-6.18401
-3.73668	-6.46147
-2.30934	-7.01217
-1.78866	-7.16068
-0.473851	-7.97549
0.606159	-6.4417
1.35905	-4.82235
-0.546448	-5.87923
-0.0986747	-8.04815
-0.92515	-10.6416
-0.665508	-12.1833
-1.18207	-12.8895
-2.25229	-20.5237
4.82439	-3.97926
0.701969	-6.43661
2.45871	-3.69486
2.14324	-6.50924
0.0930587	-9.81372
0.94167	-12.1529
3.41495	-4.40567
3.48515	-3.73186
1.13942	-8.1085
-0.857881	-4.40693
-10.6028	-9.87759
0.0627651	-5.43138
1.13876	-4.67905
2.71197	-5.0413
2.72081	-10.0408
-0.77548	-8.7154
4.67105	-4.86121
1.80716	-6.69987
2.16404	-4.52513
-0.676329	-4.77781
-17.5873	-2.06811
-16.8083	-3.91872
-8.30807	-6.81255
-17.2139	-4.54086
-12.4589	-4.79497
-9.91184	-4.58192
-6.20334	-5.05739
-2.93568	-4.91764
-0.483812	-5.38027
1.22001	-9.02045
2.16045	-11.5917
3.03637	-15.2064
4.97518	-21.2681
3.00047	-22.7778
-0.271216	-20.9746
-0.911538	-19.9925
-1.74594	-18.4097
-3.39138	-17.562
-2.62882	-15.0132
-2.91574	-15.0482
-2.67264	-14.2704
-2.21855	-13.7102
-2.07478	-13.414
-2.4262	-12.765
-1.30531	-14.0953
-0.541233	-13.1039
-6.04673	-5.83643
-3.90923	-11.2647
-6.68808	-9.83181
-3.98921	-7.88367
-2.48561	-7.67752
0.270748	-9.73598
-0.776219	-8.77379
-0.898443	-13.2193
-2.24737	-15.3418
-3.61069	-16.027
-3.86748	-14.6341
-3.09534	-14.9432
-1.97988	-15.7399
-1.78131	-12.2961
-2.22011	-10.295
-5.87673	-5.09204
1.45739	-3.43323
-6.02595	-5.14272
-7.57494	-5.97576
-9.06021	-7.43957
-11.2167	-5.85595
-6.70483	-0.780501
-2.76415	-9.6937
-1.94683	-9.70125
-0.59889	-4.47167
-3.34536	-6.70887
1.02618	-6.52451
4.85739	-2.99595
3.06034	2.63406
-0.658617	-7.16483
1.58911	-6.56272
-0.72405	-10.4908
-2.88613	-16.3795
-4.99996	-16.4026
-4.57506	-15.4365
-4.77424	-15.232
-3.5578	-15.7792
-3.07901	-15.4509
-3.11918	-13.7843
-1.94131	-13.343
-1.59121	-13.5387
-1.32322	-15.3806
-2.38036	-16.6925
-1.74241	-19.7966
-0.706625	-22.6062
3.19553	-18.0406
-2.07709	-12.22
-3.42118	-15.7512
-1.90584	-18.8251
-3.37624	-14.2059
-2.85066	-11.9262
-1.12458	-13.8803
-4.94868	-18.7303
-2.72482	-17.0069
1.26325	-17.3916
-1.94391	-13.1703
-2.02036	-12.1941
-1.78473	-10.9234
-3.08868	-12.924
-2.27546	-7.57039
-2.0777	-9.11751
-1.17802	-12.8488
-6.4693	-16.3648
-9.17312	-18.9269
-8.83375	-17.6405
-9.55205	-16.9275
-9.55066	-13.4289
-9.60169	-10.9796
-10.3706	-10.3423
-9.76399	-9.21223
-10.0627	-9.86104
-7.10697	-10.484
-6.14011	-10.8646
-3.30721	-10.9124
-4.73798	-8.80305
-3.51581	-8.19585
-4.13162	-2.26788
-6.11629	-4.08634
-4.48694	-7.11403
-2.98149	-5.16936
-2.59348	-7.24298
-0.390216	-10.7425
-1.98452	-13.7851
-4.63229	-8.81886
-3.02926	-5.27954
-4.78756	-8.90711
-1.64339	-9.01896
0.172229	-6.5698
0.31795	-0.396943
1.16503	-2.70862
1.19552	-6.82983
4.32335	-5.7512
0.193932	-5.72787
2.02025	-5.42226
1.27474	-6.52581
-3.71822	-0.52812
-4.49644	0.632571
-8.77731	3.37531
-10.1852	3.87755
-11.6582	3.22834
-9.15778	0.333551
-9.64701	1.55449
-11.941	1.19105
-8.90063	-4.49729
-8.4977	-7.80485
-7.7094	-9.46561
-6.8549	-8.07422
-3.70408	-6.26099
-0.544094	-4.1647
-1.37303	-6.2027
-3.45793	-7.90196
-7.52471	-4.91626
-11.2283	-8.20775
-5.82453	-9.14795
-3.05561	-9.5903
-5.82874	-6.35394
0.191785	-10.6716
6.52464	-6.69124
-6.27877	-17.2182
-3.8912	-14.8472
-5.0838	-16.4101
-5.27673	-13.11
-6.41562	-9.05939
-6.15394	-5.70856
-6.12007	-3.89135
-7.28882	-4.99088
-7.65808	-5.33579
-10.95	-7.07069
-10.1188	-10.3907
-2.92644	-8.49988
-8.34105	-10.0452
-9.96855	-8.46831
-11.7415	-8.77698
-12.2495	-9.98657
-12.9863	-9.16417
-13.3346	-7.67385
-11.2282	-7.50958
-10.1109	-7.10365
-8.24936	-6.76482
-6.86172	-5.43435
-5.16122	-3.6928
-2.85709	-0.740472
3.49612	-3.85715
-0.506034	-7.80472
0.518323	-5.41305
-3.64705	-7.12193
-5.90678	-9.36305
-1.93965	-8.5613
-2.19838	-9.84944
-3.11343	-8.8768
0.571799	-5.76856
-1.81333	-9.55836
-2.97362	-14.5239
1.49875	-16.8999
0.474263	-22.2855
0.0816415	-24.8098
-2.05566	-24.0566
-4.46274	-21.7708
-3.95053	-20.5671
-4.40194	-18.8342
-4.44844	-18.0697
-6.12322	-16.6394
-6.24883	-18.8058
-6.37653	-20.6902
-6.50133	-22.8112
-2.78042	-21.7588
2.28284	-13.3382
1.82976	-14.5464
0.395097	-14.9167
-0.692379	-17.7198
-2.45219	-17.55
-7.57577	-17.9824
-3.76355	-18.1854
-2.35885	-11.4575
2.94098	-10.8418
3.41247	-19.326
0.150605	-11.6765
-0.591436	-10.5951
1.13614	-14.2166
-2.22023	-11.6756
-7.75002	-9.25784
-11.951	-6.26977
-9.80274	-4.67315
-7.74531	-4.16145
-7.18632	-4.39826
-6.90185	-5.43733
-5.56957	-5.73149
-5.25499	-6.56838
-4.95477	-8.15612
-4.77365	-11.9514
-2.25106	-18.8336
1.51954	-21.5822
-5.12283	-14.478
-1.50995	-22.0959
-4.8433	-17.1933
-6.43388	-15.4909
-3.12343	-15.8163
-2.77952	-12.4512
-3.61649	-9.49535
-4.04671	-14.016
-2.25857	-4.45173
-4.67576	2.26329
-9.79625	-8.40191
-6.75059	-1.33067
-7.00265	-3.28088
-8.74638	-3.35208
-11.8678	-3.20904
-9.76274	-5.99089
-6.38735	-4.50634
-5.78983	-9.70911
-4.88847	-11.3948
-5.52965	-8.776
-3.90797	-5.43739
-9.74	-17.0351
-2.15245	-17.0035
-2.69091	-19.8581
-3.84498	-17.9293
-4.32348	-19.2508
-4.90768	-17.7446
-6.1748	-17.4131
-7.55617	-19.8451
-7.44184	-19.4067
-7.05219	-20.3741
-6.37966	-18.0113
-5.26568	-13.7123
-4.67102	-6.73277
-8.50554	-7.44451
-11.1196	-5.64904
-14.9346	-4.27021
-11.3435	-6.69041
4.39294	-6.61523
5.87716	-8.53768
1.28075	-5.72705
-9.15771	-0.77417
-6.40887	-5.01535
-3.08651	-2.78519
-4.59592	-9.64039
-2.38629	-6.01398
-2.90304	-8.73489
2.65445	-15.8032
0.617677	-12.7605
4.58106	-7.9234
7.2077	-10.5276
-0.346345	-12.5482
0.737747	-12.1144
2.45694	-9.63939
1.8525	-9.68993
-0.269821	-10.5717
4.39842	-10.2403
2.8793	-8.32637
-1.33411	-12.5933
-3.52074	-11.8853
-2.84473	-12.8062
2.75669	-8.0213
-3.58593	-8.47453
1.58992	-7.23677
-3.36152	-13.3241
4.06709	-10.2139
-1.37636	-7.93583
-0.518885	-12.9566
-1.0797	-16.224
-0.879035	-8.62655
-7.41549	-8.94678
-5.23423	-12.9837
-1.0183	-10.8066
-1.01184	-8.96732
-5.09074	-9.26473
-5.40658	-11.6363
-2.44562	-7.09133
-2.35001	-12.615
-2.6176	-12.8113
-2.63235	-14.7116
-0.726021	-18.9288
2.56219	-24.2813
7.04434	-25.1286
6.05922	-21.076
1.7144	-22.6732
0.801406	-23.8609
-0.914288	-19.3181
-3.63596	-15.6232
-3.94758	-14.0834
-4.07102	-12.9562
-6.98544	-10.1022
-6.9894	-10.5839
-5.75489	-12.8121
-5.36507	-12.7704
-2.9642	-13.1909
-2.57496	-10.7331
-3.73775	-7.80552
1.29169	-12.5497
-2.07506	-11.7075
-3.45667	-9.44179
-4.37808	-10.7944
-4.97029	-10.1132
-5.35427	-9.66551
-5.94739	-10.6284
-7.50063	-9.67344
-8.61853	-10.8062
-8.86101	-11.2031
-6.78113	-13.4695
0.160443	-21.3291
5.60216	-17.9482
1.51849	-19.3717
-0.520289	-20.3547
2.37757	-23.0445
-0.262311	-21.1766
-1.97422	-23.0717
-3.65173	-20.7588
-7.06345	-22.7377
-13.1843	-20.345
-12.9515	-18.1313
-13.714	-18.7489
-15.2133	-18.7083
-15.35	-18.2827
-14.8571	-18.882
-14.8393	-20.2673
-14.3029	-19.827
-13.0858	-20.0033
-11.512	-20.5403
-9.43473	-21.6342
-9.45086	-23.1333
-7.56998	-23.363
-8.76921	-20.5702
-10.3902	-17.8369
-1.93749	-11.9033
-5.63043	-16.995
-8.1672	-10.4713
-4.9128	-6.8745
-7.23408	-9.69134
-3.03508	-7.37948
-5.14119	-7.91386
-3.64524	-10.8737
-4.08389	-9.49409
-5.91221	-19.096
-2.52154	-13.3725
-1.75179	-8.39502
-5.35555	-8.36413
-2.80764	-8.99063
-2.04606	-10.2543
-2.58986	-4.99423
-2.92249	-15.4405
4.23731	-13.8933
6.15853	-4.06706
1.93555	-10.3341
2.35407	-3.2784
0.670342	-3.64258
1.44558	-6.40096
1.1822	-7.95324
-0.771071	-10.3775
-0.418867	-10.8236
-3.15148	-10.4851
-1.53981	-12.4625
-2.88353	-13.3672
-3.83904	-13.1736
-3.62955	-13.5387
-4.96393	-14.1309
-2.68739	-13.5181
-2.28474	-12.0542
-0.564803	-16.174
-1.56507	-10.3111
0.293094	-6.3803
3.88341	-3.09129
5.74844	-13.019
3.47817	-9.21921
-1.82468	-14.1148
-4.17948	-16.1951
-5.07695	-13.8143
-3.05744	-11.1531
-1.84488	-9.13103
-0.739201	-7.49103
-0.0458824	-7.43289
1.64067	-9.59201
1.05547	-10.0536
-0.801069	-9.8069
-1.55865	-10.6247
-4.02524	-12.318
-0.705006	-16.2299
-3.75776	-14.2421
-4.89382	-13.8614
-5.1277	-13.0525
-5.66006	-13.5549
-6.37879	-12.2662
-4.53538	-11.8502
-4.28405	-11.8312
-4.53987	-11.0155
-2.3616	-10.9126
-0.877723	-11.5531
0.442824	-9.74535
0.542678	-7.10314
-0.417556	-8.57412
-4.78997	-7.59723
-5.00045	-8.14076
-5.24677	-7.84569
-5.20505	-8.07619
-4.05317	-5.26716
-2.99905	-5.49025
-1.8735	-4.84844
-0.925221	-6.6466
-0.961069	-6.50054
-1.00672	-7.82073
-1.81104	-7.7569
-3.73388	-8.18573
-1.1438	-21.4939
-0.106219	-19.9139
-4.51118	-21.5562
-0.543148	-21.8983
-2.48311	-22.1178
-3.06963	-15.0657
-3.16779	-10.9257
-2.86898	-7.70403
-1.35529	-7.49968
-0.630623	-7.02532
0.155242	-6.15366
-1.03362	-5.67989
0.254027	-6.16008
0.110157	-5.47561
0.0406322	-6.50562
-0.848047	-6.13845
1.01939	-10.7808
3.94663	-16.7578
2.37795	-16.9538
1.92222	-16.4182
1.50911	-17.5289
1.12661	-16.7197
-3.74149	-19.0779
-8.78189	-16.1276
-9.44011	-16.2711
-9.46147	-16.72
-10.7797	-17.0473
-8.87231	-17.6322
-6.44054	-18.8731
-4.45414	-20.0468
-2.53574	-19.3756
-3.15104	-19.3769
-4.90721	-17.4205
-2.97783	-12.1462
-4.01031	-9.76192
-1.72953	-13.2455
-5.89309	-14.9323
-4.12544	-16.7038
-4.84809	-16.4055
-5.9792	-16.51
-6.82054	-17.8357
-8.10929	-16.3156
-8.22855	-16.5487
-7.21315	-15.9535
3.36435	-24.7197
-5.35882	-19.5668
-5.0645	-19.4082
-6.08374	-19.7215
-6.43883	-20.2196
-6.72092	-17.6129
-7.15034	-17.3044
-6.2901	-18.0191
-5.41698	-17.424
-5.94927	-16.3336
-6.31145	-16.0712
-5.70472	-13.7011
-4.81588	-17.3781
-10.0931	-21.7942
-11.7996	-18.7724
-10.8367	-16.0937
-8.51775	-13.8955
-6.29322	-11.4479
-2.61927	-9.58667
-0.793176	-6.8749
-0.335824	-5.17854
-0.957022	-5.23827
-0.353705	-3.5459
0.291538	-2.92928
0.235096	-2.53324
3.82217	-2.69122
6.4678	-0.390519
7.64291	-0.523196
6.60957	0.246171
15.6566	2.86294
11.0114	4.88137
6.90641	2.40292
4.56613	2.20959
-0.827069	1.24846
-2.94525	-8.22765
1.82071	-0.554595
-0.214811	-9.50422
-0.488124	-8.82621
4.30728	-8.04972
1.77327	-7.92606
-4.2657	-5.64304
-4.78917	-4.70501
-1.53044	-14.9491
-4.00594	-9.67416
-5.63841	-14.0276
-7.1301	-14.67
-7.70186	-13.1012
-8.78665	-16.4894
-11.623	-10.2228
-5.7652	-10.5069
-9.53564	-8.21462
-6.79296	-10.208
-8.66393	-10.8788
-9.2157	-11.0303
-6.4599	-11.4513
-7.43713	-13.4737
-11.4965	-9.87802
-9.90731	-12.0569
-10.9025	-13.4424
-6.13313	-13.0813
-8.40076	-17.1584
-12.9066	-6.95904
-9.01811	-12.9666
-13.2937	-4.93411
-9.35031	-5.46513
-6.90004	-5.29419
-6.35196	-2.87231
-9.01126	-2.55975
-9.52655	-3.81802
-10.1036	-6.29133
-0.0678557	-6.36244
-0.879421	-7.09582
-9.30748	-6.92642
-4.45099	-4.94859
-4.73169	-9.05585
-10.5802	-7.73713
-9.18926	-9.46563
-5.2525	-6.33806
-4.46649	-7.29119
-8.52772	-4.45522
-5.83044	-5.36756
-3.98005	-3.18128
-2.97821	-3.79983
-2.54363	-5.39172
-1.73729	-6.51717
-1.9439	-8.36554
-1.66339	-10.1483
-1.80191	-12.7248
0.279835	-16.1977
0.738962	-8.50578
-3.01811	-8.76262
0.199988	-16.0499
-2.39989	-12.6119
8.109	-8.56474
-0.717537	-10.2252
-2.30311	-8.35012
0.413903	-7.17124
-5.83317	-3.35284
-0.686837	-20.4362
-2.81939	-20.4502
-7.02226	-22.9922
-9.97507	-21.1152
-11.7704	-20.1783
-9.80688	-21.9942
-3.56688	-22.3241
-2.71043	-18.5059
-0.854327	-17.6104
1.96257	-13.7768
2.60157	-11.0738
-0.876706	-6.56089
5.88708	-3.6984
4.97414	-5.00056
4.9858	-9.73265
4.04915	-13.0383
-2.40942	-7.08939
0.243663	-8.67813
-6.14417	-15.1216
1.43058	-12.9319
0.495687	-10.5501
1.35864	-8.09952
0.529059	-9.87689
-1.09071	-12.9783
-2.47011	-14.3135
-1.4891	-18.6128
-3.01202	-20.7081
-2.155	-24.5669
-2.35206	-26.4974
7.26334	-22.633
0.571437	-15.0073
-3.00831	-17.2506
-6.29726	-22.0948
-7.16376	-22.8553
-4.92146	-21.9248
-5.30691	-23.7677
-5.35213	-25.285
-3.50593	-27.3888
-2.8702	-31.1219
-2.3257	-30.8839
-4.33289	-28.3853
-6.47725	-24.5263
-7.99733	-21.7122
-7.77105	-18.649
-6.70387	-15.6584
-6.93975	-14.2666
-6.01438	-14.308
-5.33163	-13.4972
-4.96481	-15.9705
-3.63602	-16.8743
-1.65201	-19.8944
1.65111	-20.9399
4.92295	-10.3621
3.33784	-16.1106
0.514626	-15.1875
-3.74235	-16.8771
-0.761837	-15.3893
0.448838	-11.3069
-0.564957	-10.2622
0.107213	-10.6072
-2.56558	-11.4188
-5.39502	-12.6958
-7.22435	-14.9173
-8.23354	-14.2212
-9.62457	-10.8761
-10.4084	-7.74575
-11.423	-5.46227
-12.1663	-4.00682
-11.359	-2.94549
-11.6176	-3.1494
-14.6885	-1.98638
-15.7468	-2.87669
-15.7386	-1.65742
-16.5493	-0.684748
-16.6746	0.999249
-14.2442	0.111879
-11.87	0.339665
-9.20497	-2.24828
-8.35429	-5.2744
-6.70876	-9.31418
-4.73946	-15.85
-2.96699	-17.7516
0.858523	-19.2535
-0.199841	-15.1402
2.77734	-20.8552
0.00706436	-18.647
1.38781	-19.0059
2.40088	-21.1873
-4.89251	-20.9874
-8.17959	-22.6106
-7.77598	-22.1761
-7.35751	-20.5665
-9.18721	-20.5401
-5.9992	-22.4235
-1.65156	-21.461
4.51562	-19.0022
1.33742	-15.6201
-1.29913	-17.0117
0.27413	-15.6095
-4.58414	-15.7045
2.9463	-6.98621
-2.87175	-16.8374
-1.2365	-12.1649
-3.53938	-13.1133
-4.32115	-16.1359
-2.03857	-6.02383
-9.52369	-17.9188
-1.59774	-15.0796
-7.9888	-23.0809
-9.66625	-21.9947
-11.0103	-21.0565
-11.1759	-23.2809
-11.2972	-23.0848
-10.2925	-23.4013
-7.75784	-24.3726
-4.65898	-22.6448
-3.09654	-21.2182
-2.22196	-13.5216
-6.76105	-15.7475
-3.28399	-14.4925
-11.4369	-15.4644
0.502426	-9.35118
-4.66082	-12.1837
0.485482	-11.6181
2.13111	-12.0374
-4.5313	-12.5532
-3.35654	-6.65139
0.605986	-11.2039
-4.35194	-14.2389
2.61084	-6.52714
-3.98196	-18.0132
1.19429	-21.8644
-3.36991	-23.8553
-3.38178	-22.9396
-6.87924	-19.6311
-9.52923	-24.8764
-9.81676	-24.2672
-9.48027	-24.339
-8.1069	-20.8687
-7.68238	-22.1981
-10.1822	-23.0027
-8.68432	-24.8155
-4.75741	-19.2369
-4.05831	-16.4823
0.0314265	-12.7361
-4.24753	-14.8722
3.97981	-4.44107
-5.97061	-4.5766
2.55458	-1.01193
6.30545	-5.4825
6.59999	-5.3852
3.20518	-4.09865
1.80224	-10.2214
4.36708	-8.14348
0.575745	-3.60037
2.24863	-3.57001
5.40975	-9.37031
4.29448	-9.18797
2.25001	-11.819
-17.6329	-8.68174
-20.2281	-8.63619
-19.1852	-10.8642
-16.0358	-9.09696
-14.1831	-11.4922
-13.4828	-12.5816
-11.118	-15.1709
-9.63361	-11.8529
-2.45121	-9.56821
-1.77996	-11.4761
-2.87125	-10.6892
-4.05887	-10.8469
-4.40689	-9.4612
3.40646	-11.6837
6.61167	-9.0013
2.19984	-7.08601
0.990998	-17.7143
-1.37192	-9.72405
1.08283	-10.8101
-7.69445	-13.6923
2.1982	-11.3888
9.2113	-10.1296
0.964999	-15.9337
1.73108	-19.9698
-0.0947857	-20.7714
-0.658874	-20.5275
-4.43309	-17.3504
-6.98741	-14.7061
-9.19892	-12.5776
-10.427	-8.58923
-5.27113	-8.38055
-1.42903	-6.21443
-4.37857	-15.2613
1.09122	-14.7199
-5.07573	-12.1086
-3.99101	-11.4022
-2.72834	-8.58769
-2.53015	-16.4111
1.13153	-11.4652
-2.33926	-11.1137
-5.21981	-12.0892
-4.71945	-13.9797
-5.0589	-14.5509
-3.72045	-15.5375
0.631142	-17.23
-3.97371	-9.49117
-7.41576	-5.88689
-6.36053	-0.882357
-9.05115	-2.40518
-16.0479	-4.51473
-14.9699	-11.5344
-7.72252	-2.57871
-6.03809	-6.95591
-8.06894	-0.480362
-2.01082	0.947167
-10.4018	-8.20015
-7.07091	-4.46779
-5.27705	-4.38332
-5.63739	-7.85043
-6.79655	-11.0169
-9.18966	-12.4873
-9.77818	-12.9445
-10.2383	-11.8171
-10.3137	-12.5899
-9.652	-12.8254
-10.2764	-11.6782
-9.45506	-11.2183
-10.1001	-11.4728
-10.2745	-11.3011
-10.0074	-12.4469
-9.7088	-13.9206
-7.41024	-13.175
-5.61161	-12.7772
-6.3819	-11.8479
-5.94056	-15.2557
-7.96745	-16.2703
-8.50617	-18.1137
-9.0609	-18.264
-8.66791	-18.4829
-7.40384	-16.4437
-3.55033	-17.1686
-3.60667	-12.8665
-5.94857	-11.2084
-0.973045	-14.7646
-4.24995	-12.5059
-7.80239	-19.7086
-4.89477	-16.1685
-2.73409	-15.6966
-2.56783	-14.866
0.241481	-16.9081
4.86716	-16.9465
2.58732	-13.7804
-0.441992	-23.2993
-2.96654	-27.8891
-4.6303	-27.3938
-6.06516	-25.6749
-4.56676	-22.0882
-3.73162	-18.8169
-3.67349	-17.5991
-4.20383	-15.2174
-5.79435	-13.9282
-7.63918	-13.5886
-9.77564	-11.1435
-10.8587	-9.46292
-12.7464	-8.47725
-12.8015	-8.2012
-13.1922	-8.09207
-13.492	-8.11114
-14.1138	-7.23341
-15.4546	-7.12487
-14.1238	-6.10037
-14.3424	-4.72348
-13.8956	-4.5747
-15.1667	-4.44112
-13.6914	-6.73498
-12.4271	-8.22679
-12.6267	-9.15378
-13.0066	-11.5264
-11.371	-12.3329
-10.7729	-12.5673
-8.49984	-13.2818
-7.05405	-13.4194
-4.68006	-14.1291
-3.21901	-16.4018
-1.45022	-18.8904
0.616884	-21.5571
-1.33525	-22.0412
-3.38498	-19.505
-3.24391	-20.0475
-0.835124	-12.0007
1.04517	-10.0772
-0.73598	-13.0802
-1.40476	-6.53685
-3.87104	-11.4652
-5.54446	-15.4854
-5.7112	-22.605
-6.53771	-22.3722
-7.19628	-21.9102
-8.33089	-23.9619
-8.93606	-23.2636
-8.98624	-23.6162
-9.13774	-26.0565
-9.55184	-27.5337
-10.1901	-27.4823
-9.49126	-26.4209
-8.63699	-25.7471
-8.56613	-24.9585
-7.54067	-22.8446
-6.10591	-20.2416
-5.87184	-17.3993
-4.99089	-14.5572
-3.41657	-12.5505
-2.76424	-10.7101
-4.37724	-7.79621
-7.03008	-6.31185
-5.28996	-8.58663
-4.56531	-9.89808
-2.08409	-10.5618
-3.82001	-11.8006
-5.72865	-10.8714
-6.27006	-10.0065
-10.581	-9.72124
-12.8357	-8.00933
-17.769	-10.3074
-18.3476	-10.5508
-21.8979	-8.77306
-22.2896	-5.90336
-21.7264	-6.15473
-22.056	-5.18928
-21.833	-6.63012
-22.1521	-7.83484
-23.4021	-7.19121
-24.7667	-7.0726
-24.5339	-6.60027
-23.7841	-5.86342
-24.7023	-4.65226
-25.0236	-3.26847
-21.629	-3.94365
-16.5195	-2.00903
-6.54873	-5.81801
-3.03856	-4.31543
-5.32634	-11.0676
2.73268	-5.3262
-1.34255	-12.6686
-0.638375	-11.8055
-2.17403	-4.97763
2.71896	-6.18934
-4.57753	-18.0043
-7.00564	-15.9333
-5.51412	-14.2068
-2.68884	-12.5595
-1.09833	-10.8156
-1.26319	-8.47077
-1.87053	-9.10519
-2.68039	-10.3572
-3.66916	-10.8702
-5.01227	-12.7073
-2.01873	-13.5271
0.276688	-17.9515
-2.24982	-19.169
-2.74928	-22.2353
-3.66631	-18.1274
-1.30808	-15.6591
0.695187	-13.6639
-1.35363	-8.11028
-2.31336	-10.8603
-0.701723	-11.3322
-0.596549	-8.3818
0.461576	-7.79322
0.937475	-5.15121
-0.346021	-6.22385
0.101297	-5.82268
1.05384	0.521496
3.02103	3.34051
6.13974	6.33151
5.87944	5.26794
0.815796	-2.8356
4.98929	-6.29026
5.873	-0.944989
7.02468	-5.62013
5.53053	-4.28814
10.731	-2.2482
5.91883	-0.510248
5.16627	-1.89046
1.45063	-5.90683
0.315418	-6.09032
0.893919	-6.24031
4.05538	-1.50139
10.1217	-6.5878
5.66743	-15.352
7.18605	-17.4762
-1.28849	-9.90159
-4.56353	-6.20078
-2.85274	-4.90723
-1.98284	-5.42296
-1.11427	-5.8193
-1.19622	-8.78136
-1.69975	-12.1414
-1.08622	-16.0015
-0.765153	-18.6835
0.84911	-20.9209
2.89291	-25.9074
6.91764	-32.094
6.80675	-25.575
4.94665	-24.8418
4.39557	-27.4336
2.94693	-27.1988
-0.936707	-24.8757
-4.20196	-22.3572
-5.21935	-19.8491
-6.64691	-18.5622
-6.0967	-18.4763
-4.55285	-19.4276
-4.02254	-18.3647
-4.00782	-18.0557
-4.01575	-17.2515
-4.22268	-20.5349
-5.4526	-19.4721
-7.26655	-21.3289
-8.6735	-21.8554
-9.45107	-20.5639
-10.0273	-20.184
-10.4578	-19.953
-10.4518	-21.1003
-10.0407	-22.1358
-8.07611	-22.0438
-1.25881	-24.2814
-0.11425	-23.1934
-1.27339	-21.2554
1.37094	-18.4235
-4.83285	-16.7761
-7.17911	-20.0048
-10.3439	-20.346
-12.7234	-19.3049
-11.6146	-19.9098
-12.475	-21.9231
-10.5918	-23.5268
-10.8715	-25.1106
-11.6974	-28.175
-12.4135	-29.2592
-11.3189	-26.7738
-9.47126	-24.6216
-7.95914	-23.8569
-6.33094	-21.0168
-4.51859	-20.1858
-3.20881	-19.602
-0.974278	-21.5262
-0.834993	-22.4246
-6.62968	-11.9237
-0.519481	-10.2067
-0.398992	-15.8836
-1.25363	-13.0711
-1.62532	-10.9134
-0.158441	-16.3588
-0.0318209	-18.7335
-0.774148	-18.0645
-1.78354	-17.3222
-2.24829	-16.6145
-3.05985	-16.8607
-3.26488	-15.7095
-3.45789	-15.9488
-2.48104	-15.3238
-1.31603	-15.538
-0.558867	-16.5773
0.462038	-16.919
0.416858	-15.8636
-0.612416	-10.4554
3.55955	-12.0614
3.51924	-13.0218
6.22699	-16.7054
7.85613	-10.891
3.19886	-16.554
3.04595	-28.1782
1.39482	-31.4409
-1.41086	-31.6542
-4.83136	-30.502
-9.26041	-27.2145
-13.1841	-23.1415
-13.5245	-20.3477
-11.1581	-20.1303
-1.66783	-20.413
0.293985	-15.958
0.96842	-15.8963
2.53727	-9.22404
-1.50412	-11.383
7.22735	-8.37421
2.35898	-3.55909
-2.00766	-11.7803
1.0398	-8.80478
-3.69025	-10.9748
-4.36466	-8.35667
-2.23443	-4.35741
-4.28839	-7.29781
-2.33632	-10.4474
-3.42894	-10.8433
-4.91308	-8.37319
-7.69216	-10.2154
-8.90106	-11.6029
-4.36225	-18.1084
1.00471	-21.3072
4.78756	-7.55997
7.60861	-13.7618
3.27595	-19.4484
-1.67012	-16.4934
-2.75436	-12.6663
0.971057	-11.7393
-1.35652	-10.4847
0.579043	-12.698
-0.170906	-12.4105
1.37069	-13.5027
-3.96399	-12.2884
-5.99068	-8.2675
-3.82248	-8.35122
-4.23284	-9.20369
-2.69896	-11.188
-3.0915	-10.7088
-2.03043	-12.3777
-5.49695	-10.8826
-3.65818	-7.78678
-1.98475	-2.3173
-2.46641	-3.96382
-5.9956	-6.33603
-7.85909	-0.303637
-7.02928	-6.73633
-5.94596	-9.17642
-10.5546	-2.93334
-5.8445	-8.0506
-4.95401	-9.4575
-5.88738	-14.3825
-7.54024	-12.0044
-10.9894	-12.0375
-4.79072	-6.74554
-7.74336	-8.77678
-2.74527	-7.67957
-3.82732	-21.4188
-4.39943	-26.7788
-4.3775	-28.4357
-5.89094	-26.1665
-5.5013	-24.5805
-6.67081	-20.8906
-7.7763	-19.0503
-9.27928	-16.0166
-10.5961	-14.1351
-10.5335	-11.4393
-10.0403	-8.69082
-8.89195	-8.18025
-5.02259	-9.21717
-5.34322	-3.4493
-1.49235	-8.85827
-1.33926	-4.72075
-4.18758	1.69311
-3.46948	-0.0497694
-6.43909	-0.756614
-10.621	-1.88448
-3.94293	3.32933
-8.50302	-0.736945
-6.79336	-5.58785
-7.14624	-7.4758
-6.08768	-8.32234
-1.82651	-7.80477
-6.84706	-9.76648
-6.26745	-12.93
-6.26845	-12.9456
-6.73717	-12.5803
-7.30499	-11.8078
-4.60882	-11.8604
-5.5279	-9.82125
-4.48679	-11.7734
-1.79826	-13.6845
0.628202	-15.8569
2.0292	-15.0591
3.14736	-17.2538
-0.715505	-17.6549
-4.7049	-16.035
-8.58518	-11.6073
-10.7351	-7.69793
-11.1731	-6.07848
-11.6854	-5.80197
-12.262	-5.42807
-13.825	-4.97957
-14.3853	-4.12233
-15.3685	-3.04812
-15.5912	-1.55273
-16.3817	0.335281
-17.0487	0.138577
-16.8846	-1.58253
-10.9551	-2.40953
-13.0095	-2.15355
-8.36468	-0.567482
-12.0201	-0.757672
-8.44387	1.38492
-11.2859	-3.17822
-8.69299	-5.53062
-2.30624	-9.02714
-11.5226	-7.87627
-12.9932	-7.99181
-12.9904	-7.86475
-10.9896	-8.86401
-9.81777	-9.92293
-8.17308	-8.75752
-7.86494	-9.84187
-5.76176	-12.1192
5.91671	-8.44643
-1.0089	-10.8347
-5.37553	-14.5917
-2.49047	-11.5849
-2.90301	-14.3731
-0.621966	-11.0735
-4.36884	-11.1283
-8.28134	-8.59913
-5.03994	-19.4398
-8.12365	-17.0027
-8.47159	-15.6838
-7.63913	-14.599
-7.13117	-13.6782
-6.97676	-12.9576
-6.93546	-11.88
-5.67807	-11.8397
-4.8102	-11.8309
-3.35242	-11.0712
-1.7086	-8.85005
-0.871657	-7.16987
-0.726653	-5.40517
-0.708146	-5.63728
-3.22138	-6.13733
-2.40702	-4.90498
-2.87558	-5.82142
-3.96243	-2.7254
-8.64011	-4.72204
-7.30181	-8.39163
-7.79063	-5.50176
-1.7589	-3.03683
-1.21115	-8.37564
-0.573266	-4.56934
-2.84795	-8.01368
-5.39264	-5.14946
-12.3596	-6.11994
-12.091	-10.7696
-5.4913	-9.60068
-1.59384	-6.24834
-5.79826	-9.14078
-7.67565	-1.72071
-11.5668	-6.19941
-6.34316	-3.32209
-7.35143	-4.05492
-1.98745	-3.25875
-6.25862	-1.56246
0.746377	-3.67971
0.344099	-10.5695
-5.40041	-5.09545
2.33087	-0.938587
0.29973	-3.30901
-5.1262	-6.03033
-4.17519	-5.70784
-5.90433	-13.1329
-9.86295	-11.5013
-1.23141	-14.8785
-2.25871	-20.5466
-4.53109	-20.0495
-4.70737	-18.4749
-5.08152	-18.6686
-4.4788	-18.56
-5.45501	-20.4689
-5.21867	-22.9011
-5.5328	-25.0345
-3.38621	-26.2357
-0.858179	-19.2229
-2.43183	-20.1065
-0.0246229	-20.7621
3.24992	-16.8731
-1.38369	-17.7742
-0.211546	-21.3737
2.55817	-10.9417
-0.0752364	-7.60525
-3.21642	-11.7953
-0.725718	-16.9289
-2.29294	-18.9439
-2.26935	-20.6091
-1.68685	-22.3331
-3.75269	-22.3843
-4.41877	-21.9759
-3.10739	-21.4593
-4.18089	-17.4048
-3.86158	-11.3023
-4.16017	-7.15339
-9.54482	-12.0117
-3.78127	-8.89453
1.88934	-9.69992
-3.63369	-11.3861
-2.7772	-14.319
-7.61463	-18.8751
-5.84014	-19.7538
-9.10692	-20.0246
-7.38162	-24.2089
-8.87158	-22.7908
-7.51928	-19.8348
-4.83573	-17.1154
-4.36295	-18.3551
-2.86271	-18.8154
-2.50183	-16.807
-4.47295	-15.9087
-5.17508	-17.0728
-5.15163	-15.6055
-4.31398	-13.577
-3.41176	-12.1302
-2.53949	-9.99463
-2.99208	-7.7035
-3.56564	-7.53912
-4.96177	-6.52979
-5.15516	-6.6372
-6.782	-6.38716
-6.27543	-9.35731
-4.89704	-10.3624
-10.8814	-9.00318
-8.7698	-12.0123
-9.58304	-9.41837
-10.0368	-7.70761
-9.7559	-4.75997
-7.78287	-4.40666
-7.55823	-3.69024
-7.70047	-1.31662
-5.55951	-1.91904
-5.51418	-1.8119
-5.84128	0.144871
-6.34228	-0.243621
-6.37591	-1.61693
-7.11713	-2.26803
-7.42332	-3.88328
-7.97304	-5.30333
-6.47818	-7.80848
-4.87967	-8.48801
-0.92684	-10.2773
-3.95636	-7.47395
-4.46457	-8.42358
-5.20003	-15.2556
-5.70499	-17.7662
-6.53002	-19.3593
-6.70599	-19.494
-6.90371	-20.3992
-6.7402	-20.0157
-4.39196	-18.3403
-1.1594	-19.2463
-4.1412	-13.8203
0.053926	-5.8792
-1.68558	-13.4415
-6.07344	-9.85541
-9.00326	-14.8979
-3.32803	-9.4799
-7.71757	-8.14832
-1.16975	-6.08977
-3.64225	-16.4376
-2.19537	-10.9975
-2.25504	-12.4922
-3.55717	-11.8648
-4.63503	-14.2787
-0.673168	-18.5026
-2.4929	-17.0187
-3.72767	-15.3011
-2.74235	-17.054
-4.61426	-19.1017
1.4532	-15.4565
2.56407	-15.4684
-1.08696	-15.4052
-2.31512	-18.056
0.85136	-17.0839
-0.0322632	-14.8167
3.6056	-17.5588
5.1515	-15.5364
1.98638	-14.6555
-0.84214	-13.7254
-1.86501	-15.2982
-3.66531	-15.3904
-5.57584	-17.7176
-7.77737	-15.9954
-6.02506	-15.9602
-7.18993	-15.5317
-6.53483	-15.8015
-7.64781	-14.9357
-7.50747	-15.3075
-6.13046	-17.9397
-5.63331	-14.1355
-5.25544	-12.9737
-3.05489	-10.0562
-10.3982	-9.00013
-9.66927	-7.1007
-12.9177	-5.92623
-8.69341	-7.12621
-6.5703	-11.7807
-7.85631	-14.2737
-4.0444	-7.2654
-12.4093	-19.1943
-10.3748	-14.5144
-4.38601	-9.52336
-7.45964	-11.6182
-4.47055	-14.6612
-3.21877	-17.7924
-4.75868	-17.4739
-4.45193	-18.3454
-2.92788	-18.9872
-3.41324	-18.9571
-4.62137	-18.0639
-3.83484	-18.9172
-3.23478	-23.3931
-5.52145	-17.844
-4.41848	-16.6421
-1.21744	-18.3661
1.07749	-13.4262
-2.64676	-17.0937
-0.169662	-10.5744
3.8323	-4.975
-0.566506	-12.8367
-0.967734	-6.65538
1.7254	-14.4034
0.725532	-15.0924
-2.96679	-13.1678
-7.95943	-13.2758
-9.44062	-15.4497
-9.47701	-18.7378
-8.31424	-14.4114
-7.60758	-14.198
-8.92853	-10.52
-7.81327	-8.57928
-3.73607	-9.69857
1.84579	-10.4637
5.11491	-11.584
6.52919	-17.0695
4.51208	-22.0057
1.84006	-21.9705
-1.76351	-18.8415
-3.55686	-14.9275
-4.75343	-11.2418
-6.47762	-8.98273
-7.84457	-6.62377
-3.35601	-3.25052
2.39514	-5.45615
-0.847622	-11.6943
-1.98422	-10.7213
-4.24443	-17.1376
-2.95858	-11.5278
-14.5253	-2.51454
-15.373	-5.98424
-6.88464	-3.53639
-4.97501	-6.91571
-12.2863	-17.9388
-13.2016	-16.0314
-5.46066	-12.3719
-0.713447	-9.7982
-0.223311	-10.2506
-1.91373	-9.51945
-2.22472	-8.68896
-1.64287	-8.92641
-1.20815	-9.37738
-6.10495	-12.5906
-10.719	-12.2115
-9.16856	-10.3588
-6.26735	-9.64154
0.850732	-15.5139
2.81018	-19.334
0.730069	-20.107
1.49783	-21.5504
-0.761846	-20.4951
-6.93553	-20.1875
-17.3882	-11.6767
-18.7549	-9.81509
-19.28	-7.08187
-17.7686	-10.9508
-17.8007	-14.2677
-17.3005	-15.1224
-15.626	-18.2535
-11.2285	-21.3469
-5.21767	-21.1556
0.260939	-15.8004
0.0259493	-16.1938
0.851791	-13.2938
-0.955851	-17.6688
-1.03539	-17.5488
-5.91525	-6.96443
-8.41177	-8.75549
-4.85959	-10.6218
-3.85364	-15.8347
-5.77076	-16.9277
-7.13562	-12.7967
-6.38498	-12.0636
-6.08092	-11.9794
-6.36655	-10.9568
-5.92122	-14.0328
-6.59844	-15.2205
-6.87179	-18.5745
-6.94057	-22.1051
-3.49169	-16.2505
-3.11351	-16.4383
-2.37854	-16.261
-3.21416	-15.1137
-2.23015	-13.9706
-1.03133	-13.5858
4.02584	-8.73196
4.53651	-8.81288
0.342831	-3.3303
-4.51012	-11.744
-7.7059	-0.812527
-9.75439	-10.9804
1.24615	-12.3978
-2.51442	-19.1274
-5.63198	-13.604
-9.32939	-11.5323
-11.4458	-9.88323
-12.0574	-9.63718
-13.2521	-8.03045
-14.9279	-6.59057
-14.4055	-6.73093
-13.2921	-7.86015
-12.7631	-7.15478
-9.94199	-11.2876
-8.40208	-15.9239
-7.22952	-19.6332
-6.91027	-21.9606
-7.22663	-22.1879
-7.22796	-21.8513
-7.05434	-21.9458
-7.77456	-22.4598
-8.61634	-23.1931
-7.12452	-23.2326
-5.15607	-22.0495
-1.06224	-15.7553
2.0569	-13.6976
4.49315	-12.055
3.3615	-13.6869
-0.324822	-10.3446
0.00421061	-12.5748
-5.86284	-8.47475
-5.72526	-9.24579
-5.65208	-7.70712
-7.18097	-3.9534
-6.22934	-6.07915
-3.13957	-3.60157
-2.04966	-3.99112
0.770951	-2.07775
-0.342233	-1.55522
-2.9075	-1.38185
-1.49369	-0.892006
3.75318	-2.33442
2.85608	0.926441
2.82186	8.52037
7.90037	4.86308
7.06693	5.49078
2.7755	-3.14195
1.06703	-7.03289
-2.69241	-9.37317
-0.547029	-9.70471
-2.45096	-7.867
-3.65736	-7.86395
5.09205	-7.85557
-0.00487753	-1.87939
4.16455	-6.83335
2.59822	-2.86345
0.0310524	-6.98382
4.99404	-2.77653
1.21633	1.50076
3.94834	0.711179
3.07088	-3.18953
6.50788	-5.39697
5.65914	-3.93561
7.57948	-5.57289
-6.73566	-13.2771
-11.059	-11.1518
-12.2076	-9.31887
-8.36789	-10.3493
-8.78566	-7.90137
-5.89801	-7.45354
-3.5292	-8.53336
-0.622848	-12.3028
-1.74424	-16.6914
-2.65446	-17.5723
-3.21695	-17.4144
-1.51739	-17.9266
-3.35056	-15.4616
-0.984948	-15.7048
5.21752	-15.9512
2.50019	-13.6025
1.76042	-12.6469
-7.15643	-10.7151
-1.44778	-12.6226
-3.91035	-11.3325
-2.75913	-12.2871
-6.91429	-19.2613
-6.3563	-17.8164
-8.67318	-18.0638
-7.20724	-17.2241
-6.21195	-15.9446
-5.87024	-14.8354
-6.13157	-14.488
-3.69825	-17.0579
1.95366	-21.3478
2.71949	-17.0809
-0.0439505	-14.9598
1.02804	-17.7672
0.236742	-15.1215
3.6333	-14.2796
-3.86422	-17.3265
-3.00659	-16.4732
-2.91955	-16.0449
-3.20019	-15.0441
-3.20137	-15.0176
-2.60628	-15.8374
-2.78805	-16.1849
-3.6325	-16.6185
-4.87586	-17.9307
-3.96783	-17.0236
-5.46737	-19.2784
-7.40198	-21.1664
-10.795	-22.4718
-11.5451	-20.949
-4.77498	-17.2258
-3.18631	-18.0422
-3.42	-16.0731
-5.57581	-12.6532
-0.138929	-21.3205
1.06124	-21.6224
-0.518892	-18.5541
-0.780256	-19.6298
1.0343	-20.4909
0.708389	-18.4605
1.42585	-18.3769
0.227907	-18.3914
0.854753	-18.4003
-0.183219	-17.4221
-6.53722	-18.9143
-8.44735	-20.1322
-6.78694	-20.4255
-4.01877	-20.6273
-2.31268	-19.6197
-1.84296	-19.6726
-2.79408	-16.5159
-5.3294	-13.2565
-7.01075	-11.6845
-5.1627	-9.04809
-4.86555	-12.9104
-1.44815	-15.3824
-0.942088	-16.4917
-1.95603	-16.0654
-2.63142	-16.7227
-3.85275	-16.4076
-4.60473	-16.4629
-4.63899	-16.6438
-4.34619	-15.4816
-3.31483	-16.1476
-2.66065	-15.4164
-3.39544	-15.3532
-2.95438	-14.5709
-5.28321	-14.0689
-6.33799	-14.7256
-7.51747	-13.537
-7.93692	-11.361
-9.15175	-10.2415
-12.6476	-7.07285
-17.2198	-5.4692
-19.3027	-7.06913
-8.07233	-9.29959
-4.9649	-8.20236
-0.125637	-13.901
-2.81974	-11.3815
-4.77693	-17.4966
-2.91473	-12.5476
-7.63122	-16.4053
-13.7413	-13.4188
-12.5006	-12.6444
-7.16891	-12.786
-20.8123	-7.63586
-20.5296	-5.20736
-15.838	-4.18511
-12.5498	-4.31761
-6.62832	-5.39974
-5.18801	-5.9337
-3.12812	-6.85642
-1.57067	-7.89628
-2.89915	-9.55237
-3.08834	-9.65625
-3.27109	-13.3221
-3.97815	-16.7718
2.59202	-10.0227
-0.580093	-11.2529
-2.86601	-14.7154
-4.03693	-9.56178
-5.40538	-9.36241
-2.45997	-11.1533
0.899022	-3.56584
0.0433102	-8.9408
3.77862	-6.47075
2.76038	-5.68646
-1.93612	-12.5126
-1.80298	-3.68571
-3.37993	-9.08607
-3.16527	-11.1313
-4.48198	-12.9261
-3.39925	-14.9963
-4.05807	-16.7193
-3.40547	-19.2429
-1.34605	-23.8345
1.0969	-27.5274
-2.34781	-19.0641
-2.34691	-22.2547
-4.10629	-21.163
-4.43755	-18.5255
-4.04417	-17.369
-2.20247	-16.6699
-0.354549	-15.5444
-3.45945	-14.2589
-2.56272	-6.40688
0.48828	-5.91281
-0.632935	-8.22438
0.71128	-5.37379
-0.320858	-4.10165
-2.52349	-17.5688
-0.540591	-10.5152
7.61945	-17.9227
2.97233	-17.6662
-0.663251	-11.6761
4.24829	-2.6455
-0.220306	-14.07
3.62661	-12.5575
0.682176	-13.9548
-3.6609	-13.1929
-7.40608	-14.3368
-7.49341	-7.01953
-11.0369	-0.412108
-7.71399	-14.4148
-9.60065	-19.3003
-9.78599	-20.9416
-10.6905	-17.2143
-10.8448	-17.6556
-10.6375	-18.0001
-11.6451	-19.9423
-12.2087	-19.4765
-13.0173	-22.2641
-14.5939	-25.904
-14.0324	-26.702
-12.9345	-27.1164
-11.9575	-24.2083
-11.8227	-20.8573
-8.64256	-20.4475
-7.6194	-17.9601
-3.85674	-14.2033
-2.42348	-12.7785
-2.80322	-11.4069
-2.5549	-9.88194
-0.369786	-9.4841
0.585318	-7.66433
1.24331	-7.50955
2.88404	-5.07528
3.21463	-4.89624
2.81349	-7.34891
3.46675	-4.6399
5.91039	-5.76454
9.97951	0.281445
8.82796	-4.48313
7.92106	-0.565594
1.63605	2.03486
5.55311	0.621269
3.8011	-4.80286
2.39135	-10.7136
2.86453	-6.87635
3.60654	-4.21101
3.75784	-9.33285
1.90353	-4.14288
1.91209	-5.14803
4.08798	-9.06656
-9.9431	-12.0635
-12.653	-9.28065
-13.9857	-8.32493
-12.8606	-6.29585
-7.2432	-10.0402
-6.26722	-8.93707
-3.56626	-11.892
-1.44815	-16.4296
-0.00141248	-16.9842
0.188358	-17.5678
-2.08706	-13.7118
-1.74949	-13.7093
1.43947	-16.1131
5.52795	-12.917
-0.0555745	-11.1834
3.039	-10.6723
1.56943	-12.3066
1.38071	-7.68466
-0.937136	-9.32411
-6.60621	-6.23406
-2.39248	-10.6933
-5.19988	-24.4775
-8.39847	-26.1458
-8.1764	-24.6818
-7.71049	-25.2967
-8.52756	-24.8526
-6.62079	-24.1805
-7.15763	-23.0828
-6.592	-23.2056
-5.73449	-23.112
3.91289	-17.8685
-2.78198	-17.7706
-4.0402	-19.4932
-2.17056	-20.7088
-0.208805	-21.6356
2.59455	-20.4452
2.1431	-16.876
2.40929	-15.0488
2.96278	-16.9367
3.27519	-14.5884
5.18263	-15.8764
4.30796	-16.769
4.68167	-15.4191
-3.4202	-11.0829
-5.3777	-6.88927
-2.76575	-5.36321
-2.27079	-6.93996
-2.87661	-6.84819
-3.22429	-8.34311
-3.45246	-10.4217
-1.08317	-9.8485
0.640899	-11.2814
0.471968	-2.72226
4.12426	-6.1893
-0.609533	-6.91453
4.15884	-2.65283
-4.82804	-19.0233
-6.95431	-20.2795
-6.60162	-18.5764
-4.14911	-16.2273
-5.45391	-11.454
0.298836	-11.9902
1.69786	-8.3562
-5.35729	-8.49638
-7.72293	-9.12293
-7.21626	-10.423
-7.05307	-13.3115
-6.43464	-7.81022
-4.22029	-7.37291
-8.54833	-13.9361
-2.20545	-8.96825
-1.35352	-9.70954
-0.0917197	-15.8458
-2.16439	-16.0864
0.542873	-12.9297
-1.23992	-12.4656
2.49286	-8.92891
2.2904	-10.2683
-3.45615	-5.38793
-7.57061	-4.50292
-7.80634	-4.75428
-2.8519	-18.0991
-6.01446	-23.2065
-5.97592	-25.3737
-6.39396	-24.9155
-7.55127	-23.8574
-7.95652	-23.651
-8.40899	-22.4437
-8.47927	-21.7447
-9.74525	-19.1988
-10.3822	-17.4819
-9.92881	-18.7787
-10.1143	-20.6049
-9.15284	-21.525
-9.96405	-18.6225
-9.16585	-24.9401
-9.12035	-28.2893
-9.67744	-26.128
-9.35205	-24.8239
-9.47997	-23.6496
-8.47727	-23.2315
-7.23815	-23.9209
-5.68249	-20.4436
1.05905	-16.0388
0.260325	-19.1744
-1.73517	-16.0203
3.49577	-11.7813
1.45472	-14.5425
-0.676016	-9.295
-5.54414	-6.81211
-7.58355	-10.335
-8.81891	-11.3427
-9.04212	-10.0936
-3.01099	-9.05247
-4.74352	-19.9371
-5.53964	-20.0057
-6.22422	-20.7845
-7.0224	-19.105
-6.2933	-17.1953
-3.62285	-13.5781
0.0036352	-13.4902
-2.04315	-14.3497
1.5632	-15.0071
-2.19844	-15.647
-4.91258	-15.2925
-1.77643	-16.4176
-1.18964	-16.727
-0.458046	-2.52633
-1.78635	-11.3349
-0.987316	-12.9755
1.8425	-16.5927
3.77054	-20.3536
4.18716	-17.2787
5.42361	-16.461
-1.06181	-18.3818
-0.959717	-15.6389
-0.557648	-16.7861
-0.774171	-14.931
-5.11243	-10.3548
0.539013	-12.7577
-1.60763	-12.2679
-1.80091	-13.9582
-2.95186	-14.9529
-4.149	-15.8314
-3.22682	-17.5417
-2.17084	-17.4122
-0.754028	-19.0634
-0.223445	-16.0473
-0.711586	-9.63887
2.75825	-12.944
-1.54079	-13.1581
-0.252009	-8.31668
-1.85464	-12.8023
-5.73987	-12.0853
-1.53053	-11.6616
-1.45575	-12.3737
0.195997	-12.6372
0.624473	-11.9386
2.92425	-14.3654
-4.02425	-21.5743
-6.71428	-23.1903
-8.53304	-22.0636
-9.24426	-21.4889
-10.2531	-21.0854
-10.7229	-19.7317
-11.8171	-19.655
-13.5935	-17.9724
-11.6043	-16.5973
-8.15312	-12.5288
-6.4082	-16.0303
-2.64797	-17.5556
-1.36891	-20.0597
-0.948438	-18.4639
-2.64824	-16.9965
-12.1432	-15.1264
-17.433	-10.1877
-20.3088	-8.47973
-18.3099	-9.25438
-17.7111	-9.41739
-19.3096	-7.84029
-17.5188	-9.72646
-18.0253	-9.05409
-17.6104	-10.3646
-17.2687	-9.1494
-17.4434	-10.7278
-18.1821	-12.9109
-19.6863	-12.325
-20.7548	-13.4343
-20.3449	-12.6443
-19.9979	-12.2314
-18.8305	-13.0118
-1.43187	-8.13135
3.91483	-6.43043
-1.71999	-9.07468
-5.11844	-8.15639
0.640139	-4.52257
0.0567712	-3.8809
3.03025	-14.5468
6.52642	-6.40261
5.97123	-3.67816
3.54593	-9.11561
4.0485	-11.4226
1.83688	-10.479
0.2896	-9.00743
-2.5834	-8.21698
-4.07609	-10.0022
-1.52934	-10.7283
5.32328	-11.5166
0.692666	-11.1083
-1.47927	-8.38634
-3.08246	-6.76348
-2.29672	-3.44055
0.0797244	-3.97086
-4.72111	-5.8181
-3.42513	-4.01645
-6.44428	-4.85536
-5.81785	-10.1275
2.5417	-0.246103
0.684478	-3.36086
6.05759	-3.35757
0.908485	-5.21356
4.14145	-10.7921
4.91688	-1.73024
0.794808	-10.4338
-6.753	-5.88992
3.72849	-3.53294
-7.1105	-7.14656
-9.44844	-6.17799
-9.02402	-4.3549
-8.52939	-2.98947
-8.37908	-3.25517
-8.65069	-3.27515
-7.89587	-4.66216
-6.64112	-7.07156
-6.90983	-8.12739
-6.30285	-10.3525
-5.71755	-11.5032
-6.52515	-12.2518
-6.02801	-12.4643
-6.59001	-13.856
-7.85705	-13.3237
-8.11713	-13.6124
-8.88703	-13.1389
-9.48129	-14.0639
-9.68548	-12.986
-8.34631	-10.3288
-7.38294	-10.6896
-6.74848	-11.6544
-4.31558	-12.5507
0.576786	-18.3205
-0.480439	-20.1224
0.417969	-18.7488
-0.0107603	-16.4375
0.578381	-19.5239
1.02378	-18.3132
0.222612	-18.5599
1.06335	-18.4107
3.30219	-21.2523
2.81992	-16.0608
6.15393	-15.5845
2.33501	-12.0373
-8.12321	-19.7312
-11.2136	-17.2713
-10.6156	-16.3583
-9.39146	-13.2206
-6.42726	-12.1847
-5.53553	-11.2937
-4.23728	-10.4117
-5.53992	-10.4381
-4.30036	-7.94095
-4.71558	-8.94689
-4.36927	-9.39261
-4.59993	-10.1043
-5.59801	-10.7958
-5.00667	-13.2323
-3.52156	-15.9827
-2.6093	-19.749
-0.112869	-23.9655
6.0838	-28.6912
2.66836	-24.1648
-1.18339	-25.4065
-3.89228	-18.6436
-5.42247	-15.7733
-5.03908	-12.6554
-5.07744	-11.7836
-5.02911	-9.4318
-4.47974	-9.48387
-5.07845	-9.77376
0.703351	-10.2485
0.0953666	-6.35593
0.708633	-11.5474
-0.959689	-9.07423
-3.86702	-7.41116
-7.72119	-3.00479
-11.0622	-4.67473
-11.7558	-3.16604
-11.3258	-2.98106
-11.8602	-1.42079
-12.6668	1.77123
-13.9633	3.30675
-13.8863	1.64659
-15.5598	1.55847
-16.1669	-0.0704244
-15.2371	-2.19641
-15.0965	-2.82661
-13.2435	-4.02411
-10.5505	-3.4723
-5.87275	-5.72408
-4.59338	-7.12737
-4.33476	-9.42983
-4.92564	-12.1396
-5.97715	-14.1949
-6.49835	-14.6058
-7.26325	-17.8187
-6.57454	-18.1622
-4.60882	-19.9018
-3.12905	-19.8155
-3.65097	-18.8607
-3.22275	-18.6043
-0.928739	-21.919
-2.21815	-19.6764
-5.27449	-19.982
-4.89736	-20.8743
-5.02475	-18.7119
-5.09871	-17.7751
-4.70771	-16.5049
-5.41136	-17.3051
-5.56795	-17.0916
-3.28876	-16.9501
-2.85399	-16.4175
-2.87984	-13.6979
-2.28211	-13.4803
-2.14588	-13.581
0.596576	-13.2746
0.271349	-15.8485
-1.73837	-13.319
-3.29115	-17.0258
1.31782	-19.0496
3.09775	-14.8283
9.5767	-9.59017
6.01967	-7.48012
7.59087	-10.8052
-0.855162	-21.5563
1.40131	-24.744
1.17957	-25.4306
0.507181	-15.9252
1.14468	-17.9652
-1.13855	-19.2616
-4.00259	-21.4825
-5.82587	-24.5587
-8.32157	-24.937
-9.89555	-24.4895
-10.2962	-24.8034
-10.5421	-25.6271
-9.96843	-23.7305
-7.36327	-24.4459
-4.85377	-26.1687
-2.86672	-25.2138
-1.25031	-24.9174
-0.292815	-20.8369
-1.79962	-13.1154
0.940166	-12.104
-3.50621	-9.37772
-3.70381	-7.45139
-1.31317	-2.63299
-3.69436	-11.9568
-4.45127	-16.7586
-2.81554	-22.977
-2.90996	-21.8177
-2.63179	-21.1858
-2.6975	-20.303
-2.39775	-20.3864
-1.99896	-21.0624
-0.126147	-20.7338
-0.615841	-17.5489
-1.33912	-13.2477
-2.59962	-12.9307
-1.20893	-9.61861
-0.280606	-11.0747
0.368947	-10.9161
-0.893682	-13.3677
-1.41611	-15.9656
-2.46066	-18.7387
-5.08061	-20.0274
-5.39898	-18.2491
-5.79472	-17.187
2.01865	-20.8898
0.15828	-20.441
1.86427	-20.5486
0.699057	-19.0858
0.657541	-18.9287
1.71432	-18.1337
1.20144	-18.5846
0.177789	-18.0171
-1.49791	-16.5949
-6.03635	-19.4836
-14.6517	-16.3436
-16.5732	-15.4926
-15.4151	-17.2382
-13.8812	-18.5449
-11.8907	-19.5105
-9.14379	-19.4109
-7.2472	-19.8334
-7.01087	-21.0836
-4.42536	-21.001
-2.83433	-22.8459
-4.41137	-20.1849
-5.39384	-21.1814
-6.59924	-23.3421
-7.34723	-23.8764
-5.52715	-25.9104
-1.50257	-18.2225
-2.92069	-20.5941
-4.95786	-20.8544
-6.5975	-18.5108
-3.35002	-17.596
-3.09917	-14.1705
-1.05561	-10.9132
-0.610515	-9.29804
1.28285	-9.17338
2.1237	-9.91211
2.03917	-10.8196
1.8339	-10.4692
0.969469	-11.7684
0.264624	-12.4419
-0.537154	-14.1638
3.17363	-21.1026
0.240299	-19.519
0.301048	-18.8112
0.786905	-18.5852
-0.0597649	-20.8207
-1.21641	-19.7692
-1.40609	-18.8939
-2.08109	-19.5376
-5.89059	-21.2941
-1.75985	-18.5816
1.11885	-13.4959
-1.64644	-13.2437
2.39633	-8.23932
-0.00773745	-10.4481
3.28955	-9.11381
-0.832238	-10.4396
2.82561	-9.8687
0.861421	-9.4592
0.598539	-7.65276
-0.371091	-7.48841
0.714476	-8.85401
0.672396	-8.18326
-2.40996	-16.3493
-3.60366	-19.0284
-3.3986	-18.8229
-1.80166	-22.2119
-5.15047	-20.5191
-3.20001	-25.7959
-4.38062	-25.5829
-2.97235	-25.4199
-4.83156	-22.3267
-3.93158	-22.1278
-3.94745	-21.4633
-2.86188	-19.2774
-6.79443	-21.0543
-7.1908	-19.1976
-7.84786	-16.1313
-3.86802	-14.6114
-3.23905	-12.1841
-0.635097	-12.692
0.938912	-12.223
1.32448	-13.1813
2.18869	-13.8473
3.13246	-16.9508
4.96276	-19.2125
-1.57956	-14.7072
-0.585519	-7.13173
-3.92439	-12.0784
-1.38319	-18.8415
1.95365	-12.6139
-0.483227	-13.7801
2.60184	-15.2033
2.42448	-18.159
3.41534	-16.342
-0.330456	-17.0813
-0.473625	-17.1092
-4.34539	-9.2037
-3.80855	-16.4444
-6.09372	-13.1148
-6.20133	-9.46749
-5.15271	-7.44631
-6.71436	-4.1874
-8.34803	-1.73194
-10.0811	-1.68406
-13.3735	-1.57375
-15.4952	-2.00197
-16.5245	-2.72092
-17.8839	-0.489759
-16.3804	-1.63672
-15.6223	-0.320482
-13.7893	2.85059
-11.174	3.12122
-10.1592	1.53283
-7.17794	-1.84346
-6.99726	-3.5823
-4.3467	-7.21018
-3.27747	-3.2158
-2.59458	-1.47399
-3.07059	-8.36719
-5.02676	-7.27294
-0.723341	-5.60352
-2.64994	-7.35491
2.0868	-1.53416
-9.89172	7.6146
-4.23408	1.1633
-8.92501	-1.63676
-12.5028	-2.23043
-7.67867	-1.73734
-9.41775	0.0762531
-10.2796	2.74729
-10.6463	2.54658
-10.7791	0.933279
-8.90486	-1.23275
-7.69998	-0.690133
-8.36461	0.115248
-2.8961	0.0570265
0.526056	1.62974
1.87946	-0.496545
4.24594	-3.67593
-4.23754	-5.78811
-2.74544	-3.52789
-2.96948	4.25817
-6.98569	-1.55353
-4.13484	-0.472945
-6.86129	4.3437
-5.03667	7.52915
-4.37178	3.42539
-2.78853	7.01285
-0.329907	0.886602
0.817012	-3.34768
0.900992	2.55627
-1.43471	-3.7965
2.01034	-1.16071
4.21948	2.60253
0.408029	-4.45926
-8.57892	-4.70355
-11.0759	-6.63329
-9.25915	-9.39129
-5.41319	-10.8122
-7.44083	-8.65106
-4.52523	-8.15271
-2.5343	-6.82274
-1.69094	-4.96047
-2.51439	-5.33636
-3.55264	-6.45603
-0.280984	-5.51092
-2.21324	-3.78889
0.254201	-3.70299
1.44305	-1.27202
-0.617317	-1.37307
2.4552	-0.40765
7.06465	0.794547
6.02722	5.64813
8.39423	5.95387
-3.05928	1.92744
-14.9008	-13.3179
-16.4875	-9.46068
-14.594	-10.1677
-10.6833	-9.84457
-5.21333	-10.7516
1.80452	-12.407
2.31132	-16.3895
6.58562	-20.7495
0.447111	-18.8042
-1.40615	-19.2343
-3.03523	-17.1282
-2.96583	-16.2507
-3.7923	-14.3336
-2.59123	-11.0137
0.556867	-11.4025
-0.982072	-8.23118
1.78882	-5.42452
5.58001	-1.78627
4.54977	-4.03983
-3.39615	-7.64459
-4.56353	-13.0536
-0.0327559	-6.17382
4.09527	-10.1255
8.46268	-9.63608
3.9583	-9.21417
-5.95351	-5.35473
-0.345329	-6.27207
-1.7019	-8.25375
-2.0197	-9.27171
1.68786	-15.3109
-0.290063	-15.9372
1.60996	-14.2835
-3.4238	-17.9631
-3.49739	-16.6961
-1.53007	-13.3082
-0.608179	-10.0877
-0.412731	-8.42367
-0.198881	-6.89753
-0.923778	-5.09438
-2.45792	-1.80304
-3.09688	1.41244
-5.30594	2.60365
-5.86912	3.77686
-9.12107	2.74524
-11.4451	1.37042
-13.4201	1.32063
-13.9287	2.1981
-14.5514	2.43001
-13.4049	1.96124
-10.545	2.42027
-9.82961	-0.913381
-8.29035	-1.1297
-8.5045	-2.20392
-7.85742	-2.71741
-8.43274	-5.06717
-9.06036	-7.54462
-9.04549	-10.1751
-9.13287	-10.6528
-8.15949	-10.6224
-7.52595	-10.2482
-7.10652	-10.846
-6.99089	-10.3428
-6.60611	-9.34273
-5.22214	-9.07535
-2.15049	-8.44427
-5.10173	-3.25843
2.23994	-10.1709
-1.38815	-7.98732
2.58186	-2.25934
2.59977	-0.886494
-0.772556	-4.52788
-8.37347	-9.95726
-3.59256	-11.5152
0.750864	-4.63963
-2.28958	-7.99848
-1.90111	-10.634
-4.14618	-9.72721
0.0635638	-16.7082
-2.32188	-13.5371
-2.3506	-12.3301
-4.57374	-8.20217
-5.4352	-6.62048
-5.25056	-6.22307
-3.06305	-10.1092
-0.406805	-17.0318
5.59625	-14.4852
4.71685	-15.6487
0.155771	-18.4445
0.979122	-17.686
2.53825	-11.3848
7.99615	-16.27
0.598906	-13.7495
-2.89262	-13.6088
-5.20019	-11.4162
-10.5581	-7.27333
-14.5923	-3.90771
-15.6788	-2.6782
-12.1059	-5.90656
-0.502824	-9.74305
-2.65412	-7.55787
-3.36732	-10.1754
-2.89927	-6.5074
1.95152	-9.40459
0.397049	-4.30582
-16.4399	-2.37956
-11.7663	-5.5595
-9.08846	-6.91856
-15.0727	-12.1843
-22.3636	-9.36775
-23.4921	-5.7768
-23.1547	-4.95365
-21.5482	-4.53806
-20.0661	-3.33626
-19.4679	-4.12979
-19.3527	-5.06761
-19.4628	-3.71264
-19.0392	-3.39574
-21.8638	0.220906
-18.6771	-2.13173
-19.0924	0.103776
-12.9906	2.2219
-8.67948	3.55984
-6.73358	2.37459
-3.99757	2.21392
-3.21901	-0.396484
-1.57772	0.654468
-0.439936	1.37949
0.650705	4.48469
0.581159	-0.0163771
0.806655	-3.3826
-0.114029	-5.41917
0.50001	-8.10657
-0.746308	-9.60697
0.232857	-9.80424
-1.03734	-18.3902
0.00184946	-3.72938
1.20601	-0.928971
-1.42124	-5.25941
-0.0367869	-13.137
-2.99859	-10.8814
1.00517	-7.25569
-6.0194	-8.77333
-3.54852	-7.91471
-6.60988	-6.72289
-6.01709	-4.82215
-5.1643	-10.9175
-4.14206	-7.5154
-2.99633	-10.7481
-3.26113	-8.14438
-0.0842082	-9.4544
1.43077	-9.94386
5.16106	-10.9252
-0.775572	-8.40708
-1.15735	-5.03619
3.94062	-7.76831
